65
7.511029470493716e-06,
0.00030930319255454753,
0.00027528883430986154,
4.461625291178398e-05,
0.00016713198157369672,
0.00022956588657276202,
0.00013616010930993442,
0.0001581833698562488,
0.0003431919206971691,
0.00039379681046427194,
0.0004119151175086978,
0.00022690695750564218,
7.205239394656394e-05,
0.00018873283605111,
0.0001300699812151941,
0.00012907028175349603,
0.0003975715908753721,
0.00027651226469313706,
0.00023585391764461847,
0.0004643053669162934,
0.0004467391689910222,
0.00038060419672402546,
0.0002858791416630857,
0.0001819702153118051,
0.00032916424498375454,
0.00018274873684757074,
0.0002759434559720984,
0.0001830226777652334,
0.00010044266689390693,
1.7770491010191806e-05,
0.000454262514657366,
0.00025505672781563326,
0.00012858643222171822,
3.236313715163962e-05,
0.00015349886972944855,
0.0003773227140115373,
0.0002645330318552472,
0.00023267946839800909,
0.00039224364753864767,
8.965872216886975e-05,
6.410040490745534e-05,
0.0003264602946635872,
0.00044908789673662406,
0.00037249657029815803,
0.00035840209071505663,
0.00024296184074102683,
0.00043654957365827474,
0.00020949719191322967,
0.00023402011571251098,
0.0003069679729799324,
0.00035615466948268323,
0.000455234753764047,
2.2345042359209402e-05,
0.0004021743769573051,
0.00030409844147798377,
0.0004148299328727264,
7.559185631619782e-05,
0.00011960498576866337,
0.00038979376725713016,
0.00012636549321872853,
0.00010190677580228306,
0.000454840860024906,
0.0003254897428417844,
0.0003694589682693921,
0.0001076454753642341,
0.00015765995136927775,
0.00029666572122868793,
0.000418510658507456,
5.766107473189168e-05,
0.0003997398763772257,
0.0003138300946853364,
0.0002552040472181887,
0.00021124269899382446,
0.00037572841196384875,
6.014597889541519e-06,
8.622871111347827e-05,
0.00045706748138277454,
0.00011699597986101935,
0.00044138359864350044,
0.00019193254983588658,
0.00013219047972019179,
0.00017505794453273493,
0.00018072522452080103,
0.00020589240855820723,
5.619709027095154e-05,
0.0002512184934420004,
2.3735108135140466e-05,
0.00025636482144244914,
0.00046553584184242785,
0.00012304654710694715,
0.0004617630696018991,
0.00043392624564024193,
6.29990268621244e-05,
0.00015322259191245802,
0.00043487349832798186,
0.00032035717144453984,
0.00015234384372138138,
0.00024900941396385664,
2.5964273142783718e-05,
0.00025093811783563044,
0.0004060317900110056,
0.0004311873159388371,
0.0004215921038887672,
0.0002996471342117516,
0.00012470950154141937,
0.00024195035179050794,
0.00014329488527029777,
0.00029266145324217306,
0.00031404888175015405,
0.0002802706535058177,
0.00030757346202827664,
0.00018692020274431605,
0.0002653534333680379,
0.0001598107174711649,
0.0004511181310970566,
0.0003490711954928968,
0.00015933036735266368,
0.0002705337289882845,
0.0004000895963921288,
0.00044675546959951,
0.00019505656595467018,
0.00027667947512025233,
1.2121772361645909e-05,
1.3760886618371857e-05,
0.00017284596544198458,
0.00015007834513857318,
0.00023314496184072324,
0.0003689815390510104,
0.0003870321048088013,
0.00011328052934378103,
0.00010384330595485646,
0.0001569140796823058,
0.0003692697696284936,
0.00023004938841917916,
0.00042643143336920674,
0.0002921723235695691,
0.00025392489408943117,
0.0003385171869516486,
0.00023465363367403266,
4.3623880863113013e-05,
0.0002573471629950483,
0.00021093854618689156,
0.00012727326909864223,
4.283244084219878e-05,
0.00021033840432054023,
0.0001769135661436079,
7.382740658578709e-05,
0.00013814371573586017,
0.00032118199917494236,
0.00011589106002594058,
6.884756536290802e-05,
0.0002679585214683891,
0.00024617618464115476,
0.00033931211942046124,
4.812567857922109e-05,
9.592530540418058e-05,
0.0003507138117886954,
0.00015149068220428815,
0.00045993229802183825,
0.0004503218012101601,
5.648385520185431e-05,
0.00029980695917505965,
0.00013819262289685406,
1.296651691758006e-05,
0.0002887876088172258,
2.5955534863851524e-05,
0.0003086087550496704,
0.00044271417513930527,
0.00042147055535886617,
7.209042373162865e-05,
0.0002487512115523876,
0.00016104185158296265,
4.1955908514071266e-05,
9.06234559682457e-06,
0.00043992315364162855,
0.00022772774257923302,
0.0002745325086532835,
0.00016770480127129922,
0.00020409600059377592,
0.00026026435538354823,
0.00024455765971861883,
0.00021093111432232556,
0.0003973030414740321,
0.00033501092050585834,
0.00012323472203190183,
2.9294857538484136e-05,
5.1208317794771816e-05,
0.00046491035971663145,
0.0002750940945964072,
0.00037613863225983925,
2.410164455729839e-05,
0.0001940218523496673,
0.00043795536363754864,
0.00040503462292585817,
0.0004059276209001197,
0.0003833825379687062,
0.00010799822679370967,
0.0002367421236741192,
0.00039674291277828357,
8.707136348409251e-05,
0.00018940790546154575,
0.0003691977992528319,
7.597115620021893e-05,
0.00012074469854990734,
0.0001904724847505382,
0.0002174117723371244,
0.0001516649844054664,
8.131629160240092e-05,
0.00013830888650875453,
0.0004652266481786292,
0.00019980534538460273,
0.0003290963791504356,
0.00016881179092742598,
0.0004132977006575068,
0.00024082600175450374,
0.00020877999282496712,
8.206509141051896e-05,
0.00030971514755357245,
0.0004197544044249406,
8.550380099246785e-05,
0.0002623202613350545,
0.0004209979108047313,
0.0004508041154755019,
3.4197599392263163e-05,
4.651579367906389e-05,
0.00044229912715657715,
0.00038053969471345836,
8.512171708108051e-05,
0.0002243954175280311,
0.00026391507836936344,
5.9902379331088564e-05,
0.00013568546373000137,
0.0002441793278264985,
0.00028402721840551856,
7.836392969070411e-05,
0.00020381597853367703,
0.00011726158243435441,
9.590993698446825e-05,
0.00012026527202294025,
0.00033785548520472305,
4.5254677541636495e-05,
0.00027336416891977845,
0.00027009854321669686,
0.00045612181511660386,
7.828476344144106e-05,
0.00043153182178576056,
0.00010532786565187706,
0.00010770632223760275,
7.080234436971337e-05,
0.00014239145505442048,
0.0001736494309673985,
0.0004500700108685743,
0.0001571188266965049,
0.00019886123953003724,
2.232384006058803e-05,
0.00023860122614496982,
0.00011923247071736995,
0.0001151068707637119,
0.0001873208194238015,
0.0001668025447572606,
0.000256738325331237,
0.00032640799451176165,
0.0004212712564575907,
0.0002951572595542669,
0.00012727853213265647,
0.0002974947180863088,
7.425849962671619e-05,
0.0003491893781465677,
0.0004276699583710476,
0.0002382808685357099,
0.00024918764164796664,
3.1260524083321224e-05,
0.00013465932975128113,
0.0002669749232641993,
1.723401101883555e-05,
0.00013176931654558912,
0.00030665748756429965,
3.326498965200194e-05,
0.0004122347889056633,
0.00028892388042152183,
0.00024240154333653502,
0.0002733631303058374,
6.995410942865959e-05,
0.0004470406305557732,
3.2077596427380226e-05,
0.0002876579025099045,
0.00028812516509168617,
0.00031819359239889023,
2.7595022964149834e-05,
0.00040699766719643176,
0.0004480421295559806,
8.386560795883771e-06,
0.000160284108150148,
6.404104083046472e-05,
0.00010258599088273298,
0.0003569415167911805,
0.00030991716964097693,
0.00013234192058673674,
0.00022298889881752776,
8.750943825911746e-06,
4.330611064265527e-05,
0.00016602086846798244,
0.00010029097925137093,
0.00019929697746054307,
0.0001393869512000987,
0.0001128057391164252,
0.00045972214767769394,
0.0004077564314131547,
0.00020213158235871028,
0.00046622767795223986,
0.00020942721818879658,
0.00036647433175707324,
0.00019123038805729802,
0.00031988287514858686,
0.00033808988036467306,
9.616557533272223e-05,
2.9351047895053627e-06,
1.6773144166192483e-05,
0.00027574082818100724,
0.0003142179727366142,
7.477753515469765e-05,
0.00020732194075876538,
0.0002670939873946919,
8.182201356428823e-05,
0.00043131532171931903,
0.000429136437822864,
0.0003677015892656513,
3.2574230175671224e-05,
0.00011504452626870324,
6.642637875584445e-05,
0.00028691546449614196,
6.75319693942381e-06,
7.865087230334232e-06,
0.0002456787621416639,
0.0004486622552575554,
7.016670852924538e-05,
6.115756389356017e-05,
0.00021766034981841807,
0.0003867695203108728,
0.00044831559583295385,
0.0001758979694990269,
0.00014583899401095771,
9.165218924965259e-05,
0.00010376683272520763,
0.00042745637497124405,
0.00017263357334663061,
0.00014293397357450843,
8.80141166296583e-05,
0.00027001999519317465,
0.00014369475216699176,
0.00029263482877485176,
0.00043715667396102177,
0.00023194695280533422,
0.0003661622507771987,
0.000174406059330124,
0.0003447870218361687,
0.0004510022988552865,
8.235446990486965e-05,
0.0004030780990279067,
4.278563306074048e-05,
0.0004005134872136309,
0.0002646650430270717,
0.00043325731618317295,
0.0004454147544675157,
0.00019678862701989742,
5.5682588698961825e-05,
0.0001962115349829353,
0.00040913560651997246,
0.0001674007377913281,
0.00027946550569675873,
6.796992003848005e-06,
0.00030774931330557496,
1.6621064091018502e-05,
0.00037609815058329757,
0.00035584815988631754,
0.00026078857340475507,
0.000434784818141142,
0.00021836874392811522,
0.0003998097154628395,
0.000390940224132465,
8.533764538718177e-05,
0.00018502023031558397,
0.0001036797758146702,
0.00037213563875179847,
0.0002737271829541878,
6.480979309712623e-05,
0.00017943540781099418,
0.000224384956134215,
9.13652545196829e-05,
0.00041647655216932647,
0.00024673876948187024,
0.0001703350801253102,
0.00016514623554741433,
6.242431021398382e-05,
0.0003639836133815296,
5.301615553055912e-05,
3.744303768803629e-05,
0.00015637123921862983,
0.0002571189507448461,
5.556880103392054e-05,
0.0002316433155453861,
0.00026750193310572627,
0.0001488888470146787,
0.0003935751315724569,
0.0003494735123529802,
0.00034325906042213214,
0.0003329461340684928,
2.7019941419939254e-05,
0.0003822834328900405,
0.00016159796189630762,
0.00012866611189410045,
0.0002458208562768348,
0.0001915749900352778,
0.00013316771658309663,
1.1453097546684232e-06,
0.0003876972621678225,
0.00011580457066739834,
0.0002689475749492063,
0.0001445445234203829,
0.00013975137520050386,
0.00011535290032457535,
0.00027556091261563015,
0.0003337836590327673,
0.00036900321720209975,
0.00026247478046394977,
0.00033649520056990755,
0.0002672873962630735,
0.0004629704086299378,
0.0003219643268671437,
0.0004526960413864956,
0.000289627630633942,
5.5803705425352715e-05,
0.00042216379784702323,
0.0001461190433973393,
0.00018561504653981712,
9.688024540642911e-05,
3.124750668618311e-05,
0.00035522959991693756,
0.00012331704995993402,
0.0002669495512188149,
0.00029316713807224964,
0.00019029522609288456,
0.00045432261033714297,
2.531534862780807e-05,
0.000347757923718546,
0.0002010118614252511,
0.00032898844952084107,
0.00016234148732889976,
0.00038182633602909267,
0.0001439148634056655,
0.0003699733902953083,
0.00031218072698330944,
0.000371615568812474,
0.0001952880149807364,
0.00037028170598919763,
0.0003930302774864833,
0.00044443516300662184,
7.952916235169573e-05,
0.0003122617467916538,
0.0003711435952656855,
0.00031934345347666446,
0.0002788802567985975,
0.00014672641060742864,
0.0003773567827946487,
5.298859888320839e-05,
0.00026991694452324893,
2.5443116366073e-05,
0.00011226289875377197,
0.0004412423549171527,
0.00020221446808732374,
0.0004497485965139897,
0.00041498422924678065,
0.00034515175307713264,
0.00020222088741782743,
3.0583937569118327e-06,
0.0004303867784145699,
5.673887811857922e-06,
0.00017821405172482042,
0.0002570703757683339,
0.00025397006919842754,
0.0004256641668730865,
0.0003385133170266951,
0.0002789503894715263,
0.0003055575011705418,
0.0003919517074167298,
0.00022472197678799323,
0.00019027811931909586,
0.0002641967749398039,
0.0003451218264337753,
0.0002743240402176599,
0.0003541864786974734,
0.00040383987445037487,
0.00020403530841419632,
0.0003079213181199887,
0.00030666136984990494,
0.00028652336933161467,
0.00026960764433053326,
1.1512218597844398e-05,
5.3506141067978044e-05,
0.00024387972817702775,
0.00024057981109712042,
0.0004069562291818707,
0.000237109835359055,
1.4129689168803732e-05,
0.000325597301319457,
0.00023191850844444856,
0.00023051147938739946,
7.213795798589132e-05,
0.00022005716480483366,
6.108848398843576e-05,
0.0003676154609569957,
0.0003866049652766803,
0.0001507289263460027,
5.813056792414732e-05,
0.00032059937935564377,
0.0003664282427868933,
0.00015468574442042708,
0.00013369909642229746,
0.0004467631979720457,
0.0003231527692900307,
8.407207744129856e-05,
0.0003185341190015232,
4.995136229685772e-05,
0.00041504440088942614,
0.0003514848779585749,
0.00038726637514548004,
0.00025429309875096417,
7.967418162893913e-05,
0.00015391983538424786,
1.1607102025939071e-05,
5.088604236695191e-07,
0.00046511559908244147,
0.00017633883882339196,
9.443140828355135e-05,
0.0004176371863853789,
0.0002710977894462878,
2.6513628204234863e-05,
0.0004561973580378763,
1.3781031864474705e-05,
0.00029967423077901666,
0.0004387507655614259,
2.6041815311788955e-05,
0.0002779683776406103,
0.00014088591372461365,
0.0003280939650102192,
7.27939341164037e-05,
0.0004651948880946978,
0.00016084842768688913,
0.000423496744840462,
2.260574326113401e-05,
0.0001279385249165564,
0.00031482025296601315,
0.0004194605681310105,
2.9385108291707946e-06,
0.00028621610976752694,
0.0001889391389667697,
4.102499074665584e-05,
4.081230126837993e-05,
0.00010112116538216185,
0.0003716996163162552,
0.0002146909709654798,
5.525847495479197e-05,
0.00021205890398086905,
0.00046657732719610417,
0.00038436954155109603,
2.7117974437604437e-05,
0.0003403845791823156,
0.00045370818665160464,
0.0002625047326943612,
0.0002315413109865202,
0.0003492108690540965,
0.00016345225184887294,
7.432971763467513e-05,
2.8121112053503602e-05,
0.00015868106322688391,
0.00046609526587450907,
0.0001903955666206689,
0.0003392673782878879,
0.00040802682804908717,
0.0003172594865706592,
0.0002796040011333033,
0.00017283279672272289,
9.097559932678471e-05,
0.00041500997728054803,
0.00024238630524642333,
5.866312886440334e-05,
2.417361544725249e-05,
4.3234710622418785e-05,
0.0003326626712740983,
0.00045588425672969023,
0.00015736639147601988,
0.00016342261065797236,
0.00010441131797904629,
0.00039625621708354216,
0.00031122957316961263,
6.788960486626497e-05,
0.00010533848323131892,
8.16487595093704e-05,
0.00014096908313193196,
0.0002952603695440105,
0.00039396906596248426,
0.00020471970536049483,
0.000372928795340553,
0.000266046103886179,
0.00023986277107900357,
0.0003887282169671742,
4.610458783568934e-05,
0.0002858572289879339,
0.0002822819747329737,
0.00023539661428867995,
0.00010775013236509534,
0.0002826097936970741,
1.8497884087481313e-05,
0.000266829088427104,
0.000238923917263017,
0.00028761541809281,
0.0002749599471938363,
0.0003418509853715127,
8.540870494695245e-05,
0.00024415492667734056,
0.0001939523816943748,
0.0004643356450109613,
0.00016022389407791923,
0.00024245804539511985,
0.00044204160215402137,
0.0002983587485662862,
0.0004383466330265032,
0.00040506409127764463,
0.0003416184138412062,
0.00044737548480489357,
0.00016116746111869218,
0.00035663029603403917,
0.00010228769063633484,
0.00010471673552838988,
0.0003763471544415475,
3.6236959281436265e-05,
0.0003529134707554413,
0.000160553735153275,
0.00039715489580984437,
0.00033814810539362295,
0.0003443814407978993,
7.722902316854221e-05,
0.00043112121710909255,
0.00020595805025855934,
0.00014175474779277956,
0.0003199122620407357,
9.617895589461032e-05,
0.00034063934315399556,
8.876915779196084e-05,
0.00030863084250194034,
0.00038800704901993736,
0.00027211460430611524,
5.89901395164984e-05,
1.750782209476078e-05,
0.0002107780692439356,
7.718539891424295e-05,
1.3455701026095652e-05,
2.9316078803448737e-05,
0.00011114904705095145,
0.0001683556538086488,
7.808285204253894e-05,
0.0003806282044167237,
0.00019404893660679095,
0.0004515433870445617,
3.688084449609971e-05,
0.0002079685263880411,
0.0003647146211556048,
0.00012067923189019367,
0.0003598610283588691,
1.983183400912064e-05,
0.00010153199373673972,
0.00043832279111899534,
9.521020870362382e-05,
2.0560684970395765e-05,
6.525947758496321e-05,
0.00021602084923142418,
0.0002870740178114568,
0.00015126401824059986,
0.0003907071106581357,
0.00041749921982304014,
0.0002690869520416642,
3.469392118202807e-05,
0.00028432034134480584,
0.0003105371071692693,
0.000161775359054622,
0.00031100662623448426,
0.0004201850057399174,
4.155293554317791e-05,
0.00041002123830232665,
0.00034457757523526387,
0.0001740607211565411,
3.4250125777189654e-05,
0.0002745045386905042,
0.00028421475534400726,
0.000150068610998265,
0.00019517741567439661,
0.00020756256962202376,
6.413204243872546e-05,
2.3182233291005145e-05,
0.0003857615555601593,
0.00030229842027419034,
0.00021641063814764136,
0.00012505584129827464,
1.6769060765752884e-05,
0.00028479570823670486,
0.00041758108100394215,
0.00017462499641313352,
6.268779339078365e-06,
0.00010109247035639481,
0.00014363387732353963,
2.126354565598284e-05,
0.0002495197257112262,
0.0003824842667295987,
0.0003896455245881225,
0.0003733371979084041,
0.0003419915360480652,
7.090016893598166e-05,
0.00014163054291009658,
0.0001392411050505019,
0.00010510018557043846,
0.00022095824542265867,
0.000265090832183532,
0.00026481687858048074,
0.00029876905247115936,
3.5765336677191583e-06,
0.00012928117226328117,
0.00036871594828243113,
0.0002136775201257211,
9.668940891144211e-05,
0.00019047484410478202,
0.0003733586337019097,
0.0001705975552118129,
0.00041334728762532595,
0.00021911834311451109,
8.31503974380832e-05,
0.000463089703522821,
0.00013882936248657996,
0.00010673641484692721,
0.0004346542824871447,
0.0002743290335164641,
0.00035528683088934204,
8.506253816112499e-05,
0.0003221748551356131,
1.5144734684348325e-05,
0.0003610675448721668,
0.00010442110584380518,
0.00044152484307985414,
0.00020070717664265406,
3.306123341774801e-06,
7.023668300510379e-05,
0.0002036483893275296,
0.0002282448569118774,
0.0001591871930772522,
8.592305573480144e-05,
0.00035297453534508997,
8.121479749867338e-05,
8.166958099965871e-05,
0.00031362501320140486,
0.000302922038449124,
0.00012148661624075142,
0.00041962332333482836,
0.00022508559604849672,
0.0004150097534384779,
2.4574566746686066e-05,
0.00011753063556776389,
0.00010571990404613489,
7.118973738940113e-05,
0.0002579617081531972,
0.00012564259011576908,
3.4270181732903535e-05,
5.113677413775881e-05,
0.00044646993277516734,
0.0004353620304681509,
0.00014041760410888653,
7.000894280569298e-05,
0.00012645303163503149,
0.00015312245490422716,
0.0003975667863311168,
0.00028389911732513843,
5.192950867611286e-05,
0.0002688100977735358,
2.8991422771751303e-05,
0.00016677965738995932,
3.5050665328108536e-05,
4.58173696658003e-05,
0.0002061938541897015,
0.00026485452591837116,
0.00014363645608763981,
2.523025043917461e-05,
0.00042942381800533514,
0.0002454491011664588,
0.000455194667246543,
0.00014065017949964185,
5.5911792942466286e-05,
0.0001975687259967287,
0.00012847841992429232,
0.00016639498870179732,
0.00013181647813237217,
6.522627037836197e-05,
0.0003998010566198835,
0.00045854745936695307,
0.0002585624629383951,
0.00013102248191080836,
0.0002905547328594,
0.00021456547366365458,
0.00039063393706806045,
0.0003483065202016654,
0.0003711614144550913,
0.00034250389126118776,
0.00035956552493378004,
0.00033016195118888264,
0.00019730430674888718,
5.409322187732392e-05,
0.00018245706501484222,
0.0003568685613542553,
0.0004519891925854204,
0.0003190467964734908,
0.00012718993104346714,
0.00034522846322059144,
0.00025321585722985117,
0.00016311960204852267,
0.0002704658228087588,
0.0003852301373258165,
3.029378178867131e-05,
0.00015690321881830144,
0.00018369695969445705,
0.0001071413669517813,
9.058528925508577e-05,
2.6903300827956732e-05,
0.0004373749752902235,
3.920763919953908e-06,
0.00040154772772348535,
0.00013253308650686458,
0.0001685897734020095,
0.0002593199160861411,
0.00032393240909425503,
0.000342098872049421,
0.00026735110917334987,
0.00018780642614854887,
0.00019030968018531576,
0.00035203802749224215,
0.0003212836544075561,
0.00030184790319648543,
0.00018721165417030455,
0.0002732606329671049,
0.00017865629028323974,
3.134670782205001e-05,
5.4104285599040886e-05,
9.39871797899285e-06,
0.0004307590733441788,
0.0004380329105031838,
0.0003308717977320207,
0.00014171195978853536,
0.00038752558781793186,
0.00037492708817186206,
0.00031337183876391326,
0.00039434163254985623,
0.0002546293447901427,
0.00019585287098570955,
0.00032439966621106413,
0.00026345227562594016,
0.0002243088187397742,
0.0003091497127744653,
0.0001932691328581631,
0.00020776853015872263,
0.0002918168674456744,
0.0004226197481121518,
0.00038824271555356493,
0.0001290649169753662,
0.0002460918665993064,
0.0003029570135505696,
0.00013581833066911208,
7.099315735621182e-05,
0.00045263242583886614,
0.0001491771014455386,
0.0004564547327632809,
0.00034498061126336235,
0.00012888566240944592,
4.119519848053233e-05,
0.0003259637288959466,
6.28426731753201e-06,
0.00036614499954179823,
0.0002536879555405974,
0.0004346547026684054,
0.000268060826922674,
0.00010648622441404024,
0.0002766718581866968,
0.00016714271548894612,
0.00033972048504794734,
0.00045098236959520015,
0.00044609214231595805,
0.0003923907338338876,
6.671447550629181e-05,
0.00023440326405500616,
0.0001341323650876374,
0.0001430449029246428,
0.0003230672156893974,
0.00028257035848319994,
0.00010119691140388786,
0.0002680110957661165,
0.00015459439391851616,
2.6403908204529835e-05,
2.5980482570164684e-05,
0.000286426540729495,
0.0003225780518516593,
0.0001931892300082713,
6.660763387623464e-05,
0.00045865496785034074,
5.156404045331719e-05,
0.00024749213764172363,
0.00027942932849490975,
0.00012979544549658354,
4.248934135079504e-05,
9.82229548179868e-05,
0.0004292320441637747,
0.0004357478419169982,
0.0004551508641755386,
0.00038476533968521173,
0.0004338613857333103,
0.0003995696440475528,
0.00011005087083548472,
0.0004693587676856757,
0.0004684203493996141,
0.00015757693271812762,
0.0003739200867834021,
0.00031001092561808516,
9.409567600685405e-05,
0.000441361984878959,
0.00035449892740541957,
3.4804356009094188e-06,
0.0004182218491739166,
0.00040410783491474933,
0.0001192146266326052,
7.247472840925765e-05,
0.0004613342475107517,
0.00039043995174277006,
0.0004063331257452506,
0.00018203657588032328,
7.526371336922222e-05,
0.00013131618886508666,
1.827967444256114e-05,
0.0004084252363676701,
0.00034170712690561597,
0.00011262621135610548,
0.0003000394067973132,
0.0003352204335662819,
0.0003824285858649748,
0.0002606251265330059,
0.000406966506484073,
0.0001098087665226749,
0.00038669922203313315,
0.00011245552140943904,
0.00011255555731887917,
0.0001710514586670471,
8.949824279299634e-05,
5.988818147301536e-06,
0.0001309877709314952,
0.00017329819490456501,
0.0002982096849588998,
0.00021145651584546577,
0.00028650548914834265,
0.00039612691431757636,
0.00016656212286820314,
0.00030534780948905665,
8.748498163984466e-06,
0.0003292136704187212,
0.00028414123365016987,
0.00043681565318704434,
0.0003581683157254098,
0.00014918435607054947,
9.571019652621236e-06,
0.00025644022009569994,
2.7013613243820552e-05,
0.00033882022222969166,
0.00023678840427020098,
0.0002509771558311982,
8.479728893014482e-05,
0.0004353296944429178,
0.00017639286647051894,
0.00020302082488735224,
6.018216804050432e-05,
0.00019178958543710842,
0.0001602954230129514,
0.00012631188825774632,
0.0004464869726081387,
0.00016564761817637594,
0.00010336306410935245,
0.0001454430558392057,
0.0001346048348660598,
0.00012865456656559223,
0.0003286516973013389,
0.000381219509859482,
6.498602129871724e-06,
5.5030223182136644e-05,
0.00011501388541289332,
0.00011288647247587337,
0.000327440549958584,
0.0003722728256928912,
0.00011672984447281146,
0.00012563310122222225,
0.0002222383625391232,
0.0003678086858748193,
0.0002881632992791961,
7.421414616978522e-05,
0.0003874148423131695,
0.00039387864691075745,
0.00027891593587589286,
6.217164674351497e-05,
0.00028258375619410407,
0.0003342923388050288,
0.0004037398854896505,
0.00036379072389305337,
0.00021923312792221565,
0.00031522767988899337,
0.00010922360947121645,
0.00037800264665830877,
6.907331845299116e-05,
0.00035866879669030946,
0.00011736216503928894,
0.00018024883606083955,
0.00010694882115963726,
6.273904249013329e-06,
0.00024217160462206136,
0.0003717182537640908,
8.73875831297978e-05,
0.00030873001798118783,
0.0003005248288996063,
5.8859230767544004e-05,
0.00020362404532976188,
0.00024734053767093997,
0.0003262622609716744,
0.00040021084204583304,
9.517444454423628e-05,
7.3702479815182e-05,
0.00018212599373060716,
0.00010332643587884652,
3.09939334302158e-05,
0.0002614395743654138,
0.0004537756888414622,
2.996712940925499e-05,
0.00036635726249403474,
0.0002509173870847851,
0.00037314730253133624,
0.000228429977273969,
0.00025425039572634874,
0.00020532290350379543,
1.0691338664222166e-05,
0.00022655019143570852,
0.0004290960651876691,
0.0003109832354251869,
0.0001029918200464972,
3.139932247972372e-05,
6.7875534516421135e-06,
0.00045345363903921064,
6.726006784847185e-05,
0.00023673667503394698,
9.33866188832165e-05,
2.808087133169171e-05,
0.0003069953115647776,
7.467911672551073e-05,
0.00021322166425739202,
0.0004108254467457686,
0.00024276131379689553,
0.00043810357040545027,
0.0004092632955914106,
0.0004313658440995272,
0.00041937403600820144,
0.00024314098342553345,
5.0832881921751784e-05,
0.00016958526452481144,
4.122941915603882e-05,
0.0002586633097314181,
0.00012198276704176978,
0.00032636679206295946,
0.0003268244058467015,
0.00024240805003798556,
3.100536450381012e-05,
0.0002754040779257274,
0.00020018015216978447,
0.00036596878725221084,
0.0003273278749600074,
0.00021696980684592743,
0.0004336885625189032,
0.00014640515528428896,
0.00014309619193608158,
0.0003909484729022311,
0.0002962224570655817,
0.00019686472278076226,
0.00023399346025674138,
0.00016868253611892177,
0.0002665063111247441,
0.0002004168858905856,
0.0003939615957542255,
0.0003866268827261486,
0.0002472042394158592,
6.859112863277421e-05,
0.0004654807513379279,
0.00037706266595523687,
0.0004151948013920579,
8.981634022506937e-05,
0.00012971737232248814,
0.0003751122341207766,
0.00028146649705492155,
2.4347931994068976e-05,
0.00038998812483395163,
0.0003755153768276942,
0.00036931318992240915,
0.00020084652612292642,
0.00025906618890432015,
0.00016933269053933886,
0.0004179947663431036,
0.0003916902433578742,
0.0004259295447848208,
0.00040462311815091706,
0.00035984765923315396,
0.00044295995129544746,
0.0002920995159119913,
0.00015264339788126547,
0.00011315810745841476,
0.00021460009793318138,
6.116280848874088e-06,
0.0002553338181709054,
0.0004593773925710308,
0.00042092908192019714,
0.00032858864587619995,
0.00027173298823825165,
0.00017871004702185096,
6.514614135734479e-05,
0.0001534630306825133,
0.0004208313247559842,
0.0002870052467002973,
9.210813692717993e-05,
0.00021685415228716784,
0.0004247111706783956,
6.822677801767862e-05,
0.0003089779131950484,
0.00045189535183030286,
0.00012006439958753143,
9.466176302874706e-05,
0.0003791632822203304,
0.00013843341820576858,
0.00046770000889740905,
0.00041043089461828737,
0.00015725722624433818,
0.00034326146952591937,
0.00031624850541941643,
0.00037333488795580433,
0.00014456684902567244,
0.00036982347660395907,
0.00015920913766321966,
9.613983792548508e-05,
0.00030535674737237515,
1.6869049897242138e-05,
1.2132084968598902e-05,
0.00045206512818801844,
0.00016599741239722686,
0.0002660000868920447,
9.420913238563103e-05,
0.00028404675216811657,
0.00040534028489682154,
1.687710563313534e-05,
0.0001872057492320237,
0.0004296606386053475,
0.00013119028278506497,
3.331919410783176e-06,
0.0004308045995879777,
0.0001756087579930981,
0.0004552152089307483,
0.00015070058617946324,
0.0003898466413181521,
0.00014324246901190838,
0.00017955090000340842,
5.737602481488487e-05,
3.0662610998739564e-05,
7.150961367320585e-05,
0.0003416296774312743,
0.0003630699718686227,
0.00013772592680283153,
0.00042228966737252005,
0.0003799842902201946,
0.00044918918973201803,
0.0003297228446845491,
0.0003454056655943042,
0.0001744473475606217,
0.00023300181282181448,
0.00042611357787468516,
0.00045196819894849154,
6.441297803807617e-05,
0.0001553399206904108,
0.0002218489744864705,
0.00027222842671538916,
0.0002699740290931942,
0.0004392028268530861,
3.3725009449496334e-05,
0.0002493783669836789,
7.522563594493591e-06,
0.00028535822666219275,
0.00028224733190713053,
6.618393079470429e-05,
6.174404943960903e-05,
0.00011409634331484591,
0.00034476196422957917,
0.0001239953146801212,
0.00021991777903527336,
0.00016012677329803394,
7.159239222657496e-05,
0.00038965409674231936,
0.00031485263625471744,
9.523687492311094e-05,
0.00045343157100122137,
0.0003648437410227302,
0.0003625690637002303,
0.00042466278073723557,
0.0002808369790237807,
0.0004249304962372852,
3.0473240204725164e-06,
0.0002975787740852824,
0.0002878068739226625,
0.000198654260701958,
0.0003303149773741815,
0.0002819587320519829,
0.0003895551927774178,
0.00012939170573470946,
9.369010417269272e-05,
0.0004629077623501664,
0.00014008009209616514,
0.0004231849029396657,
0.0004001842262542429,
0.00019293231109358063,
0.00018111003304565885,
0.0002171466861712126,
0.000353482634680064,
0.00014487266731545972,
0.00043219717704216863,
0.00027065722667554503,
0.00010573648262823854,
0.0004194590738068246,
0.00042759499619793474,
0.0002058735982857036,
0.000262484199684099,
5.2569549666118446e-05,
0.00024310639966402975,
3.4081666601024984e-05,
0.00043492142645382647,
0.00024669809668824856,
0.0001782905330409634,
0.00020891529524074472,
0.000326363599752104,
3.1849199624246576e-05,
0.0003381291582092732,
0.00027749079819324466,
0.000301573217531653,
0.00040340703191559977,
0.00046897003174542354,
0.00030516014903235656,
0.00022662927119164813,
0.00040658880718684405,
0.0004238875858351328,
8.717336869278646e-07,
5.284367089735415e-05,
0.00018931142668294622,
8.356086065946479e-05,
0.0003443179443335016,
0.0003136997614001455,
0.00010234979843093132,
0.00013069855655695024,
0.00013024940659840355,
0.00019288411006306475,
0.0001413980605329026,
0.0003947344936890651,
0.00010595687415512742,
0.00028700804868380075,
6.776494061862192e-05,
0.0002452942573497013,
6.222788423180738e-05,
0.00013901228034553063,
0.0004340953726671842,
8.975761024379067e-05,
0.00043246337440167,
0.00035531473999124815,
0.0004701159690314047,
0.00017351644901054725,
0.00035493329073979594,
0.000191619449792482,
0.0002373661471546432,
0.0002432764911363502,
6.594882007805581e-05,
0.00017573034420011535,
0.0003159463500662593,
1.6656222340644507e-05,
0.000315441059533728,
0.0003331461237128049,
0.00012224476491610697,
0.00031281713299664273,
5.896474901507338e-05,
0.00011590922678305261,
2.7639623209898404e-06,
0.0003646454003941676,
0.0004361766986017776,
0.00041171985063857597,
9.819123211216568e-05,
0.00046262917540099694,
0.00023834708539238736,
0.00042175281825997677,
0.00014678337680308572,
0.0002302396204338765,
3.6660750881140006e-05,
0.00043920533155787737,
1.139854744248318e-05,
0.0004502239240007324,
0.0004481210716732951,
0.00034896059440422283,
0.0003930348340628981,
0.0004195024745557157,
0.00032765215725130345,
2.9703257619055806e-06,
0.0002795612055772968,
0.0003115361963212327,
0.0003877855597462763,
0.000283752717220967,
0.00025901211474754695,
0.00034068375925711924,
0.00013569567664823662,
9.611760758670344e-05,
0.00016076695985001087,
0.00022774618812985753,
0.00027069571064893504,
0.00013909612823390923,
0.00011448595089433505,
0.0003654473039156744,
0.0004466959971495659,
0.00015152448738922034,
0.00043493604057498025,
0.00010038183254117722,
0.0002445549129474455,
0.00033201745414459003,
0.00010895752168857376,
0.00043900843751064334,
0.00014193497430712267,
8.45148915597386e-05,
0.00019465342355247568,
0.00021851824765863967,
0.00028462753093244235,
0.0001365724209745437,
0.00010337535303985705,
0.00010759736831361476,
0.00013182868885992783,
0.0002277849312617963,
0.00042023304648657213,
0.0004571739588679361,
0.0003408378829288492,
0.00025275542837809137,
8.556642973488681e-05,
0.0003584586520791451,
0.00035480201148634365,
0.00024125428119017964,
0.00039994941812722,
4.1557726824217215e-05,
0.0003297758439326103,
0.0002032801760344101,
0.00010677873302978703,
6.169541207596088e-05,
0.00031030779399530414,
0.00023428268835208921,
0.00038244869838247096,
0.00029041865017073097,
0.00023110299778177266,
0.0003925091456240651,
0.0003704521529981009,
0.0002637857764920879,
1.863163909908817e-05,
0.00015025184544199176,
0.0002223165033231844,
0.00031128001587225516,
0.00038156069802164594,
0.0004264844895771793,
3.9471153591269535e-06,
0.0001822177773607834,
0.00011442983957386854,
0.00030589624267198374,
0.00023382385071322946,
2.5122145340668684e-06,
0.0001644321414103588,
0.00013610476283585737,
0.00013347570933612587,
0.0003618509283485446,
0.0003070187129324244,
0.0003259760861633577,
4.121476751103019e-05,
0.0002942257300691051,
0.0003347757083359061,
7.83475866058777e-05,
0.000101774543264845,
0.00023998558257590038,
0.00028965426165847535,
0.000287512003976933,
0.00012903137579912396,
0.0002136536864638072,
0.00012428566845401644,
0.00022372885374927616,
0.0003171173242584198,
6.340343927098709e-05,
5.793156273838894e-05,
0.00012892301340601073,
0.0001119836363728105,
0.0004584899483146637,
0.00012735693371831276,
9.150285607769767e-06,
0.00011691402615472688,
0.00046415878459683585,
0.0001267754116757671,
0.00011971347721436645,
0.00036138895656913584,
0.00044900810451510006,
0.000282751210302502,
0.00029557833623216224,
0.0004122093810173382,
0.00042989117839669114,
0.00019122284414642142,
0.0003223804501985632,
0.00024494326550626044,
0.0004533893792227598,
0.0002460059771475407,
0.00025751830405727896,
0.0004327767423206732,
0.0003102757035873394,
0.0002236209269193334,
0.00034813926299590345,
0.0001656748064545291,
6.763718974772692e-05,
0.00011737150146849288,
4.582695431690824e-05,
0.00018594639581767644,
0.00012647939065836105,
0.0004418021971828276,
1.3508326602932035e-05,
0.00038927547083060634,
0.0004602019341192068,
5.912415618452793e-05,
0.00034342043154750036,
0.00035832628480037107,
0.000433204298897939,
0.0003596057150051321,
0.0003738563333619524,
0.00018346416604610985,
0.0003890287497729862,
0.00044056115129795996,
4.356995688355234e-05,
0.00036097232993956383,
2.288946268608471e-05,
0.00010795481373611762,
6.331046208142309e-06,
0.0004490966138819036,
8.980011780713654e-05,
0.00046060985708701384,
0.00034693297492406633,
0.00021230479466325706,
0.0003077870760728486,
0.00043426356238453613,
0.00022058868876258085,
0.0002829815728499424,
0.00034088243185812156,
5.560430553806796e-05,
0.00040758600958089937,
9.455449588988877e-05,
0.00022126694316285613,
0.0001291292305349487,
0.00011375185950456709,
0.0002857234718946353,
0.0003688041290188582,
0.00022925482736552163,
2.787071852650592e-05,
0.00019237569753369926,
0.0002974310340664235,
0.0004579501650036539,
0.0003318533276125397,
0.00020421270385143208,
0.0004494559081466516,
0.0004290160294407156,
0.0002175374125523525,
0.0003991183315869904,
0.00028355914820004296,
0.000467780017470735,
9.730056069542944e-05,
5.1658729069034025e-05,
0.0004611268737769895,
0.0002820880474630209,
0.00014071361994459888,
0.00012521960259251008,
9.800072410542109e-05,
0.00024126992566147681,
9.424734729346517e-05,
3.431360308936402e-05,
0.0003080697147115436,
0.0003111108542857764,
4.804805655784049e-05,
0.00015472680448559763,
0.0003173991246714611,
4.1626036157047406e-05,
8.770046788750998e-05,
0.0002650392480206314,
0.00012102750376070743,
0.00022414303643434154,
0.00022837158480313013,
0.00025857595987651094,
8.600709385129539e-05,
0.00020495713955264954,
0.00010420124773937144,
0.00037772232552674986,
0.00032770308159082995,
8.817925948482699e-05,
0.00010651135598693253,
0.0001452549947815861,
8.224476177113155e-05,
0.00038703514330254467,
2.171555239452353e-05,
0.0001625460719098603,
0.0004280069323380027,
0.0003135452243959732,
0.00025382304381295465,
0.0004524994847232867,
0.00034406432536135704,
0.00020265559115764418,
0.0004696921164090129,
0.0001987117249445396,
2.6255262406697325e-05,
0.000257001776705715,
0.0001490511552464551,
0.00011244111372073692,
0.00011275224952404863,
0.0001485224810160783,
0.00019133423353387595,
0.00014968037958997907,
0.0002225621937414594,
0.0003544246360052964,
0.0003742361447338406,
0.00037855939887871336,
0.00038138396184697344,
0.00033087051846777493,
7.532606989776569e-05,
1.2920457012424501e-05,
0.00020837345888261965,
7.092936785620932e-05,
0.0002576751651747907,
0.00010779689493765723,
0.0004136445306939172,
0.0003108947240765327,
0.000270147314211744,
0.000320213335891484,
0.00034473321677889535,
0.00045065097295846697,
1.9688823106979973e-05,
0.00029072882140159477,
0.0002456155615592686,
7.656914772048225e-05,
8.486887578674408e-05,
0.0002651720082464982,
0.00022864054196782146,
6.961244716978805e-05,
0.0002475222794422517,
0.00017676015435358922,
0.0004072763192646724,
0.0001351570729354886,
0.0002397803037638823,
0.00045850101675102515,
3.498310869140325e-05,
0.00020361690292165476,
0.00010704628078422973,
7.236869608957961e-05,
0.00019824412951854474,
6.201576782959185e-05,
0.00015376867483145779,
1.7790809335185307e-05,
0.00045682437189195163,
0.0003242229946448122,
0.0003186014539574184,
0.0003129305516639976,
0.000139912012088087,
0.0004448799880898079,
0.00018572538164353538,
0.00012377369884727132,
0.00012650323771332605,
0.00012906461079288567,
0.00034238443432819764,
9.233285611464324e-06,
4.107872420420918e-06,
2.5371775985036134e-05,
0.0003474170403782847,
0.0003233375484335258,
0.0004654943906182324,
0.0004697360790400851,
6.172734761112013e-05,
0.0004101200547120365,
0.00022257119957813963,
0.0002967810011777852,
0.0004523436071990168,
0.00044883627776322815,
0.00019044847720002138,
0.00012919903046774961,
5.682404301011427e-05,
0.000444563023885658,
5.8488767301089656e-05,
6.875514846630348e-05,
0.0002617068930725759,
0.0002547974980527764,
0.00023896827022547713,
0.00018439729582973486,
0.0002897544817790905,
0.000384881109989661,
0.0003803449169692331,
0.0003135202412390056,
0.0003072941006425239,
8.058203209245243e-06,
8.038491465224448e-05,
0.0003972504738859425,
0.00012067108230389108,
0.00027908010108932915,
0.00028128077114741076,
0.0001700811228662824,
0.0004293987061650612,
0.0002181069703341487,
8.649278448344588e-06,
0.00036895550409395546,
0.0002294279071739068,
0.0001463089267761902,
0.0003440889446914906,
0.00022612794042511998,
4.828526562092824e-05,
0.0004108925027183051,
3.8026904663929114e-05,
0.00045865463163323163,
9.442055734888057e-05,
7.61265221073681e-05,
0.0002849574066507241,
0.00019157027150815272,
0.00023839801939912688,
0.00012707634528986097,
0.000461457077980488,
0.0001131247034488097,
1.1632815969073931e-05,
0.00024257078068663958,
7.463150157021591e-05,
0.00012379680966555882,
0.00039399358523325214,
0.0001839803984483305,
0.00023859533519417057,
6.007369081706149e-05,
0.00019620979565335243,
0.00023769857048748424,
0.00015863695284530448,
0.00020583543287408678,
0.00013447329907949863,
2.5704730928705724e-05,
0.00027161430258082443,
7.778795824234561e-05,
0.00024008248307884746,
0.0003363355491460316,
8.72143695268291e-05,
0.00017109649486101277,
4.583629020769781e-06,
0.00038400376938675825,
0.00019281983886464623,
0.00039810931509300654,
0.0001323110009708761,
7.578852375507984e-06,
2.2149693532150018e-05,
0.00016601738154304902,
0.0002664449645272766,
0.00046872776759815214,
0.00010805319371752956,
0.00033646473617550746,
0.0003687271422622722,
3.9725298596716244e-05,
0.00031926089135265177,
0.00016134708265259101,
6.272686881653342e-05,
0.00045172593912705205,
2.706939694884962e-05,
0.0002590421141364191,
0.0003466815386611111,
2.1505801414354697e-05,
0.0003459488350452527,
0.00014545026672574429,
4.682027851128715e-05,
0.00015057953407579097,
9.922049605339861e-06,
0.0001255346814473253,
1.10468024379399e-07,
0.0003562436754809759,
0.00017775401489616982,
0.00017854738816896275,
3.097442177941091e-05,
0.00015664529453555801,
0.00043223779704746246,
0.00014771938147937008,
0.00021268017573372822,
0.00026714216965171997,
4.291723386794103e-05,
0.00035273852997243265,
0.00022726666007237027,
0.0002620492519947634,
4.305566708601549e-05,
0.00040067560808687916,
0.0004422684013185434,
0.00043126912728247316,
0.0001840985596070994,
0.000123258040753352,
0.00011808659441103335,
4.263762488973704e-05,
0.00020767228548614164,
0.00017515548991923498,
0.0002737405857879631,
0.00015409289246219934,
0.0001094285157988565,
0.000468808712716644,
0.0004366271081488017,
1.6391818309916237e-05,
0.0001874939762961982,
0.0003565637161995063,
0.0004593754093141863,
0.00032987761650708677,
0.00024297637559414715,
0.00020109231246703255,
0.00029229050185992965,
0.00039095710828302154,
3.8411628785617156e-05,
0.0003057005097107723,
0.0003811185019959394,
0.00023292147790512173,
0.00011297703119873263,
0.0003778729168921564,
0.00012803956227458143,
0.00043201019832373827,
0.00040643779303537836,
0.0002209991669412411,
0.0001046369691832127,
0.00018666262685846323,
0.00019736077941877913,
0.0002689953237239369,
0.00038945444646468257,
3.8709651304738384e-05,
0.00034710271113417413,
2.550493318815998e-05,
5.9885593991908645e-05,
0.00033938335559720046,
2.4439536375024963e-05,
0.0003728540596754867,
0.0003179785103592732,
0.00034818112989051195,
0.0004013599974458383,
0.0003085739319777674,
0.00033522494516108624,
0.0003561283780622726,
0.0003511449538202275,
0.00045786476236257703,
8.586550068554883e-05,
0.00045205363253971045,
0.0002755059679772171,
0.00014500699265856802,
0.00010657610332901992,
1.709287197651706e-05,
0.0003181155254104222,
0.0002560223531598084,
0.00018358908927124237,
0.00021717254049139425,
0.0003940366408781736,
0.0004353448614786354,
0.00043068744815359775,
0.00030722461384544896,
0.00017125886490981234,
1.5412401126371056e-05,
0.00010533359074630042,
0.00022036086463631793,
0.00044727757468838905,
0.00044934214665851816,
0.0004118779867606234,
0.00011855728083714741,
0.00011324435467799254,
0.00040700827515675224,
0.0003961207863248672,
0.00025611481053750923,
6.908061170031982e-06,
0.0002418066524555596,
5.3881360802695156e-05,
0.0002069807782276621,
0.00013149243637067913,
0.00024037890346654858,
0.0003015572699352295,
0.0003793717573775771,
8.169394240906874e-05,
0.00022291482855441307,
0.00019068325392845764,
4.9295790576374414e-05,
9.488633732958196e-05,
0.00019892335886493228,
0.0004648663167436697,
0.00026814692908167333,
0.000393396787902518,
0.0004525565405153158,
0.0003992463200829854,
0.00011131129499829931,
0.00042252188900020616,
0.0004345180839077711,
0.0003775778159701477,
7.363390906344758e-05,
0.0002197755916794789,
0.00042035244457149195,
0.0004684221984902738,
8.012009040387998e-05,
0.00037535980456120403,
0.00037210510812989833,
0.0001522440500992818,
5.317562601262436e-05,
0.00037874448103547955,
0.00015125040074859546,
9.063442143299308e-05,
0.000424347004048114,
0.00011927430879865518,
0.0004631260313814222,
0.0001574079783661691,
0.0004187918960063738,
3.837026961074302e-05,
0.00023030647483563622,
0.0002630880730280776,
0.00015735651791575156,
0.00021619146599311827,
0.0002733444530406575,
0.0003404486724822366,
0.00011971979739429488,
8.196615517284981e-05,
0.00019761743553322586,
0.0001810659933393025,
0.00038617552674248453,
0.00016527226003392435,
0.00028519048179326506,
0.0004326611147659197,
0.0002547497441873799,
0.0003303376448291815,
0.00027401659743422473,
0.00038835960080806374,
0.00030902270377830484,
0.00019963781723098434,
4.22424014940288e-05,
0.0003758912968451807,
0.00014625951113248287,
3.336720716371803e-05,
0.0003234904241463878,
0.00035415491985395236,
3.074146057187879e-05,
0.0004682237614941351,
3.0071818130116016e-05,
9.781854075516294e-05,
0.0003374303880146953,
9.963555504459318e-05,
0.00045783111067685317,
0.00037964696981742464,
0.00019990184583530902,
0.00020708918263800908,
0.00039901947376912237,
4.3992286110621294e-05,
0.0003500317904653205,
2.8126308738293037e-05,
0.00043658812430329803,
0.0003624573193962053,
0.00017872608660087633,
0.00017958160802888023,
0.00043698267876070816,
0.00041052917484569345,
1.4506886427615425e-05,
0.0001282718603235587,
0.00023438985454505594,
0.00011893939804601574,
6.472945417238631e-05,
3.4085100414378194e-06,
0.00035462069880438685,
0.0004210876536708031,
4.124903153464578e-06,
0.00045720951238406875,
0.00022005926029972748,
8.326949326999201e-05,
0.0001798711513642209,
0.0002201874481504896,
5.2639696871774637e-05,
0.0002453562234486569,
1.630043877428906e-05,
0.00015941262630526462,
0.00046132543672174726,
0.00013718751929819026,
9.029685077460104e-05,
0.000375411901808953,
0.00012907480785985555,
0.00030744818015240557,
0.00013891703442768353,
0.0003093528699036766,
0.00012231503633060236,
0.00042894146926925904,
0.0004550759342126317,
0.00012542263815151932,
0.0003482978418989201,
0.0003887985533623195,
4.485215125509151e-05,
0.00031840008204690805,
0.00041167010930589804,
0.00034632015970362224,
0.00031646576200819367,
0.00015972168730396348,
0.00016174863221418156,
5.1583244745491943e-05,
0.0004613293198952997,
0.0002444057044113351,
0.0002568772128586426,
6.407505837528544e-05,
0.00025840742786787795,
0.0004271536419235306,
9.661106812004896e-05,
0.00019707459197977777,
0.00043780072503076683,
0.00038690145353107043,
0.00012445921365112129,
0.00020493706964711073,
0.0002233196310296229,
0.00032618268872266484,
5.375828965272541e-05,
0.00029389536317157215,
7.327498535569575e-05,
0.0002389585649717936,
0.00033231791622797044,
0.0002942560887768269,
0.0003164904102175692,
0.000420252811227826,
0.000337768893402571,
0.0004516316224081036,
0.00035607303271655314,
2.3478348879993187e-06,
0.00023078126220537392,
0.00033321777596841086,
0.0003426905749686938,
0.00043832659581847036,
0.00037756915703322514,
5.830619007102655e-05,
0.00038630559298977993,
0.000219394560516068,
0.00023555525516708457,
0.00013706214128955435,
0.00029984620212050614,
8.536379219138966e-05,
1.4021163519385842e-05,
0.00018494368571055712,
0.00027656887870721396,
0.00026366673790615807,
9.724782109298019e-05,
9.831959223705416e-06,
0.00010411112704168259,
0.00015451247122948335,
0.00035218007105391065,
0.000251188698624723,
0.00028595165833737355,
0.00016531727494343234,
0.0004445127948946811,
0.0004255510889978359,
0.0002784826871364506,
0.00026591348720603956,
0.00046905401734738926,
0.0003393342320046154,
0.00019049471734154658,
0.00046149453366974914,
6.178362191329968e-05,
0.0002951006439461963,
0.0003520085498912056,
0.000275923343463534,
0.00040783688141502334,
0.00023478137486391718,
0.0002532075253734155,
0.000261164248141061,
0.00017363736245475453,
0.0004685654665152878,
0.00036592324904206864,
2.956679777061636e-05,
0.0003116829843918111,
0.00038640596296679803,
0.00017794576555591664,
3.358515118391665e-05,
2.515829647991762e-05,
0.00037452620999781235,
2.6916647891282224e-05,
0.0002778966627292419,
0.00034134580454882703,
9.773515835916833e-05,
9.963626970820399e-05,
0.00037570057610639753,
0.00042825063760486276,
0.0003946442766062888,
0.00046204169577961237,
0.00012091226226607302,
0.0004633054929930642,
0.00045422809622828244,
0.00013448504310767647,
0.00027330751776466044,
0.0004468668417162686,
0.00030829978979945196,
7.514823790694293e-05,
0.0003122130069768135,
0.00022844260771350317,
0.00017011258418225963,
0.0003325861398413763,
0.00011308592297140336,
0.000310381616191513,
0.0001441132009420467,
0.00019581844699768976,
0.0003724239579386977,
0.00021043029440571354,
0.00010004928663334029,
0.00035112566917698144,
0.00027453218981667244,
0.00043890043898740165,
0.00038877364029692987,
0.000248907053892797,
0.00045761586216150097,
8.589694786926698e-05,
6.891120048975688e-05,
0.00019052859374128468,
0.00034475872616578345,
7.89929300612651e-05,
0.00045919908296743314,
0.00027440016692424374,
0.0004427044674067756,
7.58337062410959e-05,
0.0001808705202440169,
0.00022992756312977404,
9.967416102262496e-05,
0.00027395208800040947,
0.00012983081759280286,
7.335265919689043e-05,
0.00016198804260650687,
0.0003731403043229628,
0.0004452859374678778,
0.00015113248891545026,
0.00029963696544062175,
0.00027154115829918456,
0.0002562370224176276,
0.00013576109502944918,
0.00021559763824308806,
0.0003743892702462096,
0.00011133946046734339,
0.00032667797223911115,
0.0004383522177570477,
0.0003624003051264779,
0.00030254585812780816,
0.00025711584038169867,
0.0003826962566131738,
0.00045226856214102164,
0.0003289827953530221,
0.0004671627036239343,
0.00024502257098771817,
0.00026896943923369773,
5.934002240066052e-05,
0.00020699028476794425,
0.00029340534081526577,
5.541224286935764e-05,
0.00035362086732553536,
0.0002041742396874215,
0.0001185077496451162,
7.343766569102956e-05,
0.00020983671432724766,
4.403530005230367e-06,
0.00028241236354348504,
2.462529874703703e-05,
0.0003475481765555398,
0.0003745530108263183,
0.00025830491383188657,
0.00012775941813524238,
3.803175023263337e-05,
0.0002775473250714905,
3.7557770571119235e-05,
0.0003052566638304602,
0.0003985243864503067,
0.0001246344867628057,
0.00027024520400643925,
0.00045876547959278544,
0.00015271611366106809,
0.00019076093987888132,
9.880466931954536e-05,
8.565790620667862e-05,
0.0001307294262148441,
0.00046077455024500966,
0.00025676096760071876,
0.0002640762156058139,
0.00039113085798834064,
0.00028636772008649075,
0.00023110681713214292,
0.00016910547394373085,
0.0002509745024132976,
0.00030011979380636553,
7.064865475389836e-05,
6.88189068480088e-05,
0.00035801911674287275,
0.00020236523691743828,
0.00023433347683390394,
0.00040866871991792784,
0.0004055308708328036,
8.115376306086807e-05,
3.735359797445591e-06,
0.00017315020199023704,
0.00010167618896246229,
0.00026502994084977576,
0.00030652771367086564,
0.0001706591666637666,
0.00038109636683147604,
0.00022344170408976759,
0.00017057197698637966,
0.00026082984081192504,
0.0003652094485974529,
0.00010090313423791323,
0.00010505079761533514,
0.00016414247206377524,
0.00026613518163851426,
0.0004370065073062822,
0.0004241343217026884,
0.00039650857786620547,
0.0004265738446677902,
0.00021618239462784707,
0.0003448543124717624,
0.00031653957653157553,
0.00016590557220894013,
0.0003023977974677979,
0.0004581740192571336,
6.988687941711533e-05,
0.00018314169246398567,
0.00036678757582348436,
6.908395427303374e-05,
5.9381698164242435e-05,
0.00029035342892121715,
0.00018191692492463448,
7.068934822000192e-05,
0.0003243025706388864,
2.967498490583913e-05,
4.134819657493091e-05,
7.020238031454607e-07,
0.000453706048474921,
0.0004333258718107867,
0.00034418536224921527,
0.0003044632615065294,
0.00011646789537190706,
0.00017418351886116446,
0.00023846869884729696,
0.0003621822735183672,
0.0002879344288912718,
0.0002796388525157484,
0.00025072419104852067,
0.00014052044583331904,
0.00022856278529111257,
9.636926757899169e-05,
7.869066659481311e-05,
7.272583657587561e-05,
0.0004103902579635897,
0.00017161051915047377,
0.0003567809746506288,
0.00039233878990852086,
0.0002363369420936664,
0.00023042720103193983,
0.000214429768436279,
0.0003486245218597165,
0.00044407068853173696,
7.097536738421218e-05,
7.546298747366447e-05,
0.0002847539282533955,
0.000398642583546392,
9.124016715168738e-05,
0.0004057937666556856,
0.00027012549849135824,
0.00037307299050345476,
0.0004286318436560442,
0.00011184361045584059,
0.00043512846249750374,
9.425770252104252e-05,
0.000170858519155902,
6.17584143883528e-05,
2.142837794374395e-06,
0.0002582077814241419,
3.1952513053890884e-05,
0.0003301034408907467,
0.0001793853750435799,
0.00027860127849441043,
0.00017919471575072364,
0.00033667772362283555,
0.0003422001641861974,
0.00023490703656901373,
0.00025145176461206174,
8.719890092921696e-05,
0.00031003016437348345,
0.00021763222288546108,
0.00017469501617848715,
0.00014428357774382396,
0.00012735931856814852,
0.00012361706709128082,
7.419905217665133e-05,
0.0001634063603885336,
0.00045517561829327925,
0.0002942906487085557,
0.00010791093165053165,
0.000458585562228029,
0.00030896413633763184,
0.00019120382080766539,
0.0001979023391950167,
1.8846201172265036e-05,
0.0003454323168423408,
0.0004237397568285237,
1.3793025988704939e-05,
0.00039649749196430365,
0.0002914678323749955,
0.0002719093548553056,
0.00036503387552920996,
3.1787637113179514e-05,
0.00011931291899677534,
9.759284514296245e-05,
0.0001306261346827415,
0.0004013426005276643,
0.00017630183069906142,
0.00040108474915226703,
0.000237339740731896,
0.0004579430257505353,
0.00039324166520919866,
0.00013440632559448705,
1.39411834575899e-05,
0.00041271734974021866,
0.00020010194582544105,
0.00011551497471264379,
0.0003496980461208681,
0.000442791224562392,
0.00030169412412714983,
6.932713528192234e-05,
0.00010500031239606697,
0.00033158518770423905,
0.00046980884050370786,
0.00032361101754937907,
0.0002007593840376627,
0.0004032471330934269,
6.748388185972757e-05,
0.00017178096058302443,
0.0001450650096464722,
0.00034946474127071307,
3.951162015695476e-05,
0.000453240541824398,
0.00021821351432602695,
0.0004559739867431788,
0.000206524013074827,
0.00024437552130794323,
0.0004577929843687455,
4.1071576020907385e-05,
0.0004577233577698042,
0.0003217008125261663,
0.0004233287579793798,
0.00022510653333506262,
0.0004639142041281778,
0.00043384209263480796,
0.0002069754268288,
0.0004696863452759481,
0.00014005034074752703,
0.00031223346709539495,
0.00025025127004035385,
4.528381245496272e-05,
3.677661522493419e-05,
0.0003603631074707879,
5.225992658333804e-05,
0.00032591832884834674,
0.00014912946734838868,
0.0001951338675829519,
0.00032160249174313145,
0.00039803774862412304,
0.0003649259437951852,
0.00045084933199990686,
0.00013088807220470547,
0.0003457875261468023,
7.034974573747713e-05,
0.00023010267932864755,
0.0003182445187006459,
0.00014922981552334608,
0.00018222427020574746,
8.514677852455869e-05,
0.00012944554523535516,
0.0003582734373754518,
6.696166372819275e-05,
0.00036551451442411496,
8.154427755789586e-05,
0.0003588606949235666,
0.00034511053649558513,
0.0003511312811514422,
0.00019313752008706493,
8.493278409041936e-05,
0.00042443686540086863,
0.00025562289525642195,
8.572721336779078e-05,
0.00029897976834585536,
4.2989359861797883e-05,
0.0003399024256048998,
0.0003739238672592805,
0.0003575338223593188,
6.122391790498129e-05,
0.00022879478066357268,
0.00021096344942797104,
0.0004389610584688103,
0.00016088274947514289,
0.0002763323518764395,
0.00011691638935891367,
0.0003449154376058234,
0.000450590109263321,
0.0002247137381258754,
0.00043489207669848836,
0.00034817890052494816,
0.00042656765408290767,
0.00042561949914608614,
0.00037036865608451017,
0.00039940298710492453,
0.00036441666170122333,
0.00040225720661259335,
0.0003224035971185375,
0.00016255270570878993,
1.2044467211825492e-05,
0.00029312912535362987,
0.0001393395506255938,
0.00011644012355228577,
0.00017404633369615604,
4.557124972824344e-05,
0.0003948723539326941,
0.00045440773515765913,
0.00023002593797165428,
0.0003113801203646473,
8.796743728088885e-05,
0.00035032226371140067,
8.131978547519969e-05,
0.0002955886949284786,
0.0003089793637160246,
0.0003696107003290624,
0.00034698497968394746,
0.0003583149201128343,
0.00036945684784235394,
0.0002552244790333036,
0.0004687513351169742,
0.0002435843779966942,
7.878271285359053e-05,
0.00014104746964829702,
0.0001185833124690097,
0.000355821208175326,
0.00014896783848283415,
0.0002855853069144832,
0.0002520709181252042,
1.5115380981337776e-06,
0.0002801211707032526,
0.00021900543310552248,
0.0003452991696214715,
0.00026047652336820846,
0.0001331566249923444,
0.00025741452225001675,
2.32461615546207e-07,
0.00045803959989349977,
2.5654634584633548e-05,
0.0002678127887490494,
0.00045188985912970295,
0.00016162622136897298,
0.0002307252752364191,
0.00023953814909509217,
0.00014378884889504627,
0.00031235032547132446,
0.0004623229295065961,
0.00038313251532715774,
0.00015204821028805547,
0.00041793671029721535,
0.00024385835199273727,
0.0002985325043197684,
0.0002594414245184015,
0.00033739010102066185,
0.00040010135352341994,
0.00022897993478566533,
0.0002413750631042754,
0.0003668975407458574,
9.841116440427641e-05,
0.0003399528074036432,
0.0001599222556984819,
0.00016703999984669395,
0.000461740662548613,
2.921095035325005e-05,
0.0001600542621473649,
5.6250682381684644e-05,
0.00011729772733140169,
0.00015079139360281145,
0.00020238626067494448,
0.00027128846306794945,
0.00014917220907868038,
0.00010758494329069847,
0.00029204572008560735,
0.0003790803707176577,
0.0001250189524152745,
0.00015444246174040687,
0.00015383048171843528,
9.998973525804101e-05,
0.00010611677587221627,
7.143519805832199e-05,
2.5752737366720492e-06,
0.00043264273403640453,
0.0003418407570994494,
0.00017278326883432763,
0.00015791802330557674,
0.00044741246030980726,
0.0004661611872763968,
0.00010411747131389124,
0.0003543008630479032,
3.147032924994974e-05,
0.0002467935367876468,
0.00012631569968793698,
1.2369703633214575e-05,
5.872609866212864e-05,
0.0001403101707917239,
0.0003576275631733801,
0.0004583525197033922,
0.00013543304388239543,
9.674431577229921e-05,
0.0003918402353340053,
0.0001432637773155336,
0.0003212149687279734,
0.0002493585979569122,
0.00020252390479274317,
0.00021806619457884592,
0.0003198927103152478,
0.0001852506979509261,
0.0002757165417233743,
1.3380605975519018e-05,
0.00046972754870114433,
0.00014218250996966535,
0.0003491908433444063,
8.683787284146148e-05,
1.3619617543785002e-05,
9.326213332130757e-05,
0.0003862121103567433,
0.00037082330330187683,
0.00046756695679452007,
0.00016006437128512205,
0.00019985616990816874,
0.00015527290625145054,
7.420616730875253e-05,
2.421005863148155e-05,
0.0003973903162468431,
0.0003141296031628861,
0.0001276803512910015,
0.0004354216038442502,
0.00040418223499725484,
0.0003130246746521069,
0.0002861255409412557,
0.0002543038303941872,
0.00015248321634422657,
2.4189365655440752e-05,
0.0001472568405100559,
3.902259672509493e-05,
0.00016469699301522103,
0.0003443407424471077,
0.0002542899533604165,
0.00015954305327367966,
7.23923351872734e-05,
0.0002953544823270624,
8.108947798163517e-06,
6.114411581960567e-05,
2.808155523389243e-05,
0.00028260860402035023,
4.676475994238565e-05,
2.668303642652621e-05,
0.00041083197064120723,
0.0001769821934333582,
0.00044882376843777527,
0.0003386885397570055,
0.0003441097572975942,
0.0002469821720683932,
0.00043651792262154967,
0.000464964801855373,
0.0003593732394051684,
0.0003758430406217251,
6.733745709120027e-05,
0.00042718239866049266,
0.00038044464923650095,
5.0913292256461984e-05,
0.00038461288772896537,
0.00023056992108333563,
0.0003651964255803872,
0.00026122034451282695,
0.00043647401402004306,
0.0003589467334999124,
0.0003698947711760407,
0.00025707288435345874,
0.00041731594183752087,
0.00020034219186510326,
0.00010607678770598867,
0.000360449444782554,
0.000125116282710206,
0.0003517122293993823,
0.00011770293322348682,
0.0003349599783331309,
7.436567027508828e-05,
0.00022658740366649256,
0.00011692820063521107,
0.00011363624176309456,
0.0004145567311406426,
0.00042140888595800364,
4.645094557037556e-05,
0.000250362631922918,
0.0004381895231013291,
0.0003247620906947081,
0.0003056517767962492,
0.0004181022787884618,
0.00018722609411528555,
0.00016768291984046226,
1.0291668240029482e-05,
3.852247536729638e-05,
0.00022201175035389302,
0.0001963079501709263,
0.00040936471222874956,
0.0001087077936123027,
0.00029170637138827314,
0.00025017703766635314,
9.810188148729902e-05,
0.00045348297947984614,
0.0004446815912535393,
1.098919919586581e-05,
0.00022404219529314213,
0.0001989024086154122,
0.00041623985699259944,
0.00021099259455048061,
0.00012835334885171466,
0.00014032182676609962,
0.00030327796038182974,
0.0003368150453456783,
0.0004660845669503236,
0.00017449273424455892,
0.0003018683138561344,
0.00040852214639524654,
4.573683374954019e-05,
0.0003730150846012414,
0.00019627574856889794,
0.00030631694276609734,
0.00020451702256487952,
0.00012156348908935725,
0.00013154466697632057,
0.0004237330998704017,
0.0003505296386798162,
0.00026740789063970115,
0.00019530276919981198,
0.0002709782800215002,
0.00021736532166968545,
0.0001723211959747463,
0.00046979748394900813,
0.0002677715074656928,
1.7057433463914674e-05,
0.00015354325691231934,
0.0002904735782149832,
0.000191295756687152,
0.0002582278337108423,
0.0002665963411190142,
0.00018394543409706385,
0.0003059675529661407,
0.0003977039979773458,
0.0004558811569699496,
8.379592869566836e-05,
0.00011720057035329347,
0.00027857655664381866,
0.00015977020261678527,
0.0002555975648037083,
0.0004648576247059765,
0.0002819585462439769,
0.00016868191602776238,
0.00014192206146373417,
6.209571757696253e-05,
0.00020894443424502332,
0.0002932588963517906,
9.398211779790133e-05,
4.4103335567530375e-05,
0.00013230589885168993,
0.00016546044288334608,
0.00039390852330673204,
5.0008715773398275e-05,
0.0004111977602328309,
2.2147228053403933e-05,
0.00032984423678938257,
0.0002659882953082203,
0.00014300888227232646,
0.0004641576255041082,
0.00030593544244339645,
0.00035989836725051276,
0.00039213209765489806,
0.00025429404134161195,
2.2383933335232657e-05,
0.00021479212691223048,
0.0004636298198777124,
2.4349632013561715e-05,
0.0002958427194620454,
0.00030353480087880836,
0.00034387737999180807,
0.0004323698172209862,
2.397658495783209e-05,
0.00026389867070403386,
0.0002921178887699436,
6.602141887781518e-05,
0.0004074965328663309,
0.00036627637987418296,
0.0003218325764023252,
0.0004045705865022473,
7.342980941552827e-05,
0.00011045798722770798,
0.0003374291110751154,
0.00033688609582230083,
0.0004499144181992251,
0.00016158739852676065,
0.0004206426286247086,
0.00042244719281338337,
0.00022641502370692137,
0.00034587055364045826,
1.411336394931824e-05,
6.383663180937923e-05,
0.0002315133326703961,
0.0003494137866012178,
9.635358086447869e-05,
0.0001244515474030283,
8.885014767888306e-05,
0.00043687999297649914,
0.00027672671457058264,
0.00035495270623424997,
0.0002644403036148617,
8.480174192469768e-05,
0.00021384200937697048,
0.00016904776501656664,
0.00042120930662525814,
0.00026085676018552955,
0.0003993384215647646,
0.00034751930813677057,
0.00028211838563422696,
6.16560244508355e-05,
0.00033318493220129683,
5.7893735588266415e-05,
0.0004036390680584047,
0.00023818111261739126,
0.0001888469115193958,
0.0003302461028937709,
0.00040909892742608395,
0.0004355872927558078,
0.000264598749463686,
0.0002978914701023457,
0.0003342473596210422,
0.00023946956542538468,
0.00024035760241375523,
9.199636036957771e-06,
0.00019025705528705016,
5.5888695206042335e-05,
0.000396536672105243,
0.00019507335431441237,
0.00014368316880262888,
0.00016951801610904274,
0.00021021138507402827,
8.594661703945277e-05,
5.149056059831567e-05,
5.32064531353999e-05,
0.00022593854673274224,
8.393841594974154e-05,
6.30853670168996e-05,
1.2923884956188888e-05,
0.0001679670043075751,
0.00030681537202559793,
5.154508699699565e-05,
0.0004556264264244007,
0.0001327167786862435,
0.0003355918362070116,
0.00026095413542219503,
0.00024158544552662435,
3.267839429365818e-05,
3.637610214040479e-05,
0.00020608680443928858,
0.0001981154886371629,
0.0002174277203974429,
0.00028825216242965443,
2.6874739489806504e-05,
0.00039675222129010424,
0.000139399615018528,
0.00011147766483051551,
3.0120600579206206e-05,
0.00016004991519354063,
0.00034753999489166147,
0.0003349700929242824,
0.00017899699437342665,
6.326288058915223e-05,
0.00035604481400177036,
0.00032702662251195703,
0.00031640951485967467,
0.0003747109144692943,
0.00024626501027119694,
0.00039218839714767403,
0.0003328849044452221,
0.0003137558537913053,
0.00027702957114243053,
0.00023428181351611426,
0.00027041752723310186,
0.00045249050231027394,
0.00015005936175113027,
4.298265316001852e-05,
6.551326614312154e-06,
0.0003753061576750716,
0.00033354716652912275,
0.0002090902728724122,
0.00035290622190834494,
0.00030699687762437375,
0.000450620017709001,
0.0003694254949844661,
0.00025029862128507437,
0.00014691818403681775,
0.00012681963114817324,
0.00012848698457048734,
0.0004578593796754622,
0.00032427782113695426,
0.00029865875504518863,
0.0003870221032526054,
0.0003087158175363523,
0.00046181933419901615,
0.00021417455358056458,
0.00023987230870377334,
0.00044088437528800055,
0.00043892218801804065,
0.00012273685299237834,
0.00013562082979339687,
2.2565766761557984e-06,
0.0003361006136598124,
0.0003920641346114189,
0.00043601842667442337,
0.00035493803061118645,
0.00019612279173670893,
0.0003661543098972354,
0.0002841193298853685,
0.00010632212393752988,
1.8453039056919216e-05,
0.00030188745170993707,
0.0002833727742931525,
0.0002710361211808483,
0.00012542652679880308,
4.2037698035368654e-05,
0.0004068294034194299,
0.00011579904215192463,
7.165848464945957e-05,
4.8902783116780225e-05,
0.00016637100889894659,
1.614137221716177e-05,
0.0004521992110866926,
6.007483730710391e-05,
0.00031545304263407557,
0.0002530749681589147,
0.0003123090984154757,
2.4472028715936362e-05,
0.0004564836269599655,
3.8511607885229984e-05,
0.00026544391013669667,
0.0001598345510683076,
0.00024880102938682375,
6.457277423119934e-05,
0.00035215432894381314,
0.00026561063231435436,
0.0002477817215320671,
0.0001763017869560165,
0.0003763391598796409,
6.590967151908798e-05,
0.00038157063253046065,
3.993209106946488e-05,
0.0003647431066085137,
0.00018604697096568973,
0.0004010787893896712,
0.0003207509946111718,
0.000234977182153749,
0.00010961117474422284,
0.00022097877133352777,
0.0004139883932556099,
0.00023423701888241233,
0.00012901662942518984,
6.525011125496885e-05,
0.0004031278843019987,
0.00020990342172795497,
0.00038872643330049546,
0.0002182822890466799,
3.121388356718843e-05,
0.00038255628209032694,
0.00013402732303040364,
0.00029549701005888876,
0.00046413270853778885,
0.00026746874803018123,
0.00014797175614652815,
0.000352880411249149,
0.0004544668002804643,
0.00030826384924749223,
7.462895450374647e-05,
0.00040754671655666134,
0.0003254433342765313,
0.0001764652108809475,
0.00024930994215246295,
9.273240291547116e-05,
6.764832638231095e-05,
6.791322668684064e-05,
0.00035724640183372393,
0.00041611325565144475,
0.000267578597869913,
0.0004463183275032666,
0.0004299692945222094,
7.87432667547518e-05,
0.0002628479048074681,
0.0002933708576029254,
0.0004130835370412071,
3.505507068232551e-05,
0.00022809890741291966,
0.0003598718409955607,
7.182993111187099e-05,
0.0001832938008871601,
0.00027266256742669554,
0.0004042909423643012,
0.00021211189361552407,
0.0003592126026559448,
0.00041615492531476363,
2.777823442580385e-06,
0.0003947814593112642,
0.00039063566718904486,
0.0003601145380447923,
0.00022400207653337396,
4.625952917654838e-05,
0.00025938562078693276,
0.0004415956949451522,
0.0003091963402470374,
0.000288257416714505,
0.0003363824764149352,
0.00037778892191023,
0.00028625540668691116,
0.0001901417702033898,
0.00044836084793030553,
0.00017248641918866613,
0.00031342805947968857,
1.556316431699875e-05,
0.0002842791978604916,
0.00019045385823397408,
0.00026891037041200925,
0.0003301672479998626,
0.00040216595985922185,
0.0001039514683344432,
0.00034983934520058964,
0.0002451882907814485,
0.0004139060559348619,
0.000120975270623016,
0.00019856780968321655,
0.00037224722887351647,
0.00017302370240106387,
0.000215282274016185,
0.00044600840753794096,
0.00012593562122265722,
0.00040456154869556734,
0.00012310085227589608,
0.00036099178424784783,
9.829775751809025e-05,
0.00024543047685675237,
0.0004153855904156355,
0.00042733769490274946,
0.00035577766430381497,
6.90958958590607e-05,
0.00017165880229543093,
0.000147478174897956,
0.00012568045022611285,
0.00010309447885877086,
0.00023644500117359825,
0.0001968744656084662,
0.0004268580431485796,
7.912242862085751e-05,
0.0004490407101463824,
0.00043523222154889156,
0.000385998640047561,
6.470697993084158e-05,
0.0003846447135172765,
0.00026907638513986004,
0.00015743937327985963,
0.0002798181680160004,
0.00025203308057565843,
0.0004122372839404115,
0.00018797267388440323,
0.00018384360454762073,
0.00042404304602440665,
0.0003953326772720012,
0.0003515078314693535,
0.0003704898726365123,
0.0003771300167036792,
0.00015026431354702534,
0.00026001511878972913,
0.0002025218708556607,
0.000262053853256508,
0.0003501955812466971,
0.0002857137789752988,
0.0003967103182130439,
0.0001221185848353918,
0.0004571713717466671,
0.00020158671313803017,
0.0003088005157853638,
0.00038961017422608964,
5.66509139868552e-06,
0.00010232261924288715,
0.00026493758940559055,
1.526044896294826e-05,
0.00015318564501783165,
3.028286314689727e-05,
0.00043219395572045014,
0.00015858093832880668,
1.4161142939272544e-05,
0.0002472094768456833,
0.00025040296066858,
7.296889272323591e-05,
0.00022839646136956025,
0.00031018004923875014,
0.00038302842681819135,
0.00015452293379355212,
0.00045718435505002694,
0.00034319450239608855,
0.00026128293835976,
0.00039147388920440795,
1.430639274074774e-05,
0.0002153859835805296,
0.0002490453172709052,
0.00024753486618352464,
0.0004103239179604655,
0.000454939230685393,
0.00018144259384290552,
0.00046331674817609624,
0.0002821118355358343,
6.313992411398894e-05,
0.0003124822927578583,
0.00030017713587910614,
0.0002921579735360716,
0.0003766214462145508,
0.00039070469679175956,
0.0003459697802861382,
0.00039219488913323173,
0.00030792263699458574,
8.821659859842679e-05,
0.00036204185701628895,
0.00016183713490010543,
0.0002583735375518086,
0.0003272531686449162,
8.05147443790334e-05,
0.0003113810104162341,
0.00018357829144327573,
0.00015207542255079944,
0.0002555008875469634,
7.073393291379365e-05,
0.0002940432058060742,
4.509097087288982e-05,
0.000159165288109878,
0.00018098896345219797,
0.0004423421048405072,
0.0002071712800052041,
0.00013989068785774246,
4.772006688883173e-05,
0.0002892521598847004,
0.0003325316220676844,
0.0003065731400828425,
7.062297788433431e-05,
0.0002111087345432528,
0.00036897485905079783,
0.00021895646480704666,
4.4708317786734305e-05,
0.0004140044415395614,
0.0003537335844581518,
0.0001766868264904351,
0.00011808193636175401,
0.0001129861171236431,
2.5988120909109523e-05,
0.00027373103478123907,
0.00038718099473704267,
0.00045631248563790674,
0.00014517449115872123,
0.0004077406285219039,
0.0002349696680598831,
2.5206790814997223e-05,
0.0003047931131063676,
0.00013433870846741818,
6.504134186223297e-05,
0.0003191002334323114,
0.00030443456591025607,
0.00039533338506631677,
0.00012305317484560048,
0.0004532015503201601,
0.0004447765964612514,
4.239036210491067e-05,
0.00038165600633967837,
6.570389200656882e-05,
0.00036678836867666407,
0.00022721851769814166,
0.00024363375280241843,
0.00027294084590144356,
0.00024042257953373143,
0.00028471923713858867,
0.0003713219201301712,
0.0002330662086325571,
0.00044082755849957875,
0.00024803440907873394,
0.00039802121552717806,
0.0002839165411115062,
3.72659016574232e-05,
0.00028294992588723115,
0.00014652675169133113,
0.0004650064005342814,
0.00034022654504476144,
0.000409333576053742,
0.00020492041356020467,
0.00016232707446252608,
0.0002954287636735701,
0.00011552803883058947,
0.0001697734576220344,
9.658087849709571e-05,
9.743420657117193e-05,
0.00027956250582943196,
0.00024383408742640673,
0.00016983451959768543,
0.00023032657835394743,
0.00020411106505979933,
7.159128522870648e-05,
0.0003298416381629818,
0.00014000708265654414,
6.669618719349104e-06,
0.00030549856821740105,
0.00014195951301081963,
0.00024014472296238955,
8.261123974521915e-05,
1.8665916528930381e-06,
0.00017717643546226398,
0.0001185251715943021,
0.00040157187440608414,
0.00038374056540720416,
0.00022526779090315278,
0.0003012149521901777,
0.0002536038132672947,
8.14268266328003e-05,
9.701804542458574e-05,
0.0003028060868901565,
0.00025874751680966704,
0.00023986116131758482,
0.00040288907660464404,
1.7785509635073776e-05,
0.0004417887726834815,
2.2815775057613207e-05,
0.0004196258559215095,
6.132182767858693e-05,
0.00025826034377940106,
0.00015414264789094807,
0.00022740298555813654,
0.00033993331383349684,
0.0004593742603534377,
0.0001251233754206557,
0.00021534009929967442,
9.144029660448593e-05,
6.546802740957701e-05,
0.00019453370359344904,
0.00038136190785778096,
0.00023162007314385996,
7.90041163567281e-05,
0.00015891882583970494,
0.0002297692455019802,
9.995358946390824e-05,
0.00022408777938511963,
0.0001965180546327223,
0.00027653766777691166,
0.00018734125820863188,
0.000219300721853029,
0.000148865529491464,
0.00027359116537577514,
0.00015846432417335687,
0.00014751902846019647,
6.728187586970346e-05,
0.0003238002113890127,
2.0197775720253806e-06,
0.00010665879983340488,
0.00044835627788975907,
0.0002837340674284414,
3.713676315474985e-05,
0.00033552600905476063,
0.00037538633061219806,
0.0002381540403578153,
4.789491162434528e-05,
0.0004570433541748832,
0.00030389895749865337,
0.00019473078649805652,
9.168684370970657e-05,
0.0002614702138778673,
0.0002817916351044603,
0.00023469326991960393,
9.600093006617067e-05,
0.00039191821080936784,
0.00010716672875841375,
0.0004187670882506756,
9.399399323516082e-05,
0.0001926227712596137,
9.926359018125328e-05,
0.00033199416793601905,
0.0003860504493294027,
0.00032751789909663367,
0.00023272584288922714,
6.859024681753489e-06,
0.0004289606468572559,
0.00036422050479159704,
0.00040342012493696115,
0.00014616939006045914,
6.269022356818673e-05,
7.615866731513822e-05,
3.6470366379458125e-05,
0.00018814058764368805,
2.1866106502761126e-05,
0.00020357471514242256,
0.0002849146260194664,
0.0004452302426251036,
0.0001097796579201173,
0.00021993073188886935,
8.020253755434285e-05,
0.0004073479066203699,
5.043641452456594e-05,
0.0002508115768278812,
0.0002038180172956754,
0.00010265052916832936,
0.00043057270453629605,
7.210604121011082e-05,
0.0003318055279716646,
0.0004539261939513005,
0.0003887762283543431,
2.267404528439133e-05,
0.0001067805268972184,
2.447460215641294e-05,
6.593974593981047e-05,
4.361387485712088e-06,
3.516173278403312e-05,
8.362811706515757e-05,
0.00013072037087434203,
5.253424560505032e-06,
1.1596902688635805e-05,
0.0003126162463464371,
2.7080777190705694e-05,
0.00041266416793960583,
0.00041387858791285827,
0.00021707641024581051,
2.3373643961663897e-06,
0.00012445295873038837,
0.00037931928121476055,
0.00036409250599470333,
0.00011252523899171441,
0.00011787727776965142,
0.00042189362084384016,
0.00023721607509632965,
0.00026291194508875395,
0.00039444702876160033,
8.639385271368862e-05,
0.00046637568476394785,
0.0001485572797828973,
3.758528184343098e-05,
0.00022802592562133774,
0.00018239787075346862,
0.0004280278206522437,
3.495669133611059e-05,
0.0001476924829889386,
9.113146005288002e-05,
0.00018343260362562648,
0.00038312570063037154,
4.6935406525621085e-05,
0.0004085214903343914,
0.0004254453732632391,
0.00010251526034337665,
0.0004315048830929181,
0.00024032748026074925,
0.00036984387634188525,
0.0004544894117090819,
0.00019323760282408584,
0.00017906599825342538,
0.0003364972287606977,
9.624901792937967e-05,
0.0004531378485604589,
0.00014731776570262628,
0.0002119157371697879,
0.00040731720181741757,
0.00012592731116512596,
0.00025297755274749446,
8.823222978272871e-05,
0.00021203310648802048,
0.00014247219242117054,
0.0003964654608369353,
0.00029924719538720006,
5.148456268121637e-06,
0.00022094372417435305,
0.00016876610499681668,
0.00022384500850018764,
0.00010259711174850052,
4.1554097015804186e-05,
0.0003954389016279637,
0.00040840564649961223,
0.00026218989813973914,
0.0003498173284019036,
0.0003230173011395911,
0.0003603512502643418,
0.0004373760780980946,
9.299021379041131e-05,
2.779929756010896e-05,
0.0004653490136456287,
0.0004321849519504873,
0.0001450563901464899,
0.0002443812144684246,
0.00021605049616078134,
5.7785468928882476e-05,
3.5409899963278994e-07,
6.419877270657128e-05,
0.0004277307423338495,
0.0003244589525983441,
0.000187350677290919,
0.00039330422815273165,
9.500258220032403e-05,
0.0004686553454012285,
0.00021460387966807068,
0.00019636889672086972,
8.776043098429141e-05,
0.0001623317935251333,
0.0004014542534779568,
8.944057779714942e-05,
0.0004087045185957873,
0.000247670953410257,
0.00044778121609317646,
0.0004541990410668457,
0.00017960283500542034,
0.0003611374832877176,
0.00032802534640491714,
1.825300792594767e-05,
1.617965569224822e-05,
0.00041304707763149264,
9.062231549869245e-05,
0.00014024214909390443,
9.443732278823976e-05,
0.00045344016795963545,
0.00017324711170747114,
0.0002030854784806767,
2.492728824500785e-05,
0.0003405560221602575,
0.00043302896253805145,
0.00012964923238456015,
0.00026242216963717584,
0.0003929277957211855,
0.00043526453775740966,
5.5198355165386104e-05,
0.00044285755489425794,
0.0004188307278078141,
8.221334111143163e-05,
6.245147656757349e-05,
0.00026983784138932224,
0.0003552420679144961,
0.00032768701508819736,
5.226721243263624e-05,
0.0002817511046404909,
0.0002778393448541772,
0.00027986732314665526,
0.00013549897324381554,
0.0001990401253923948,
3.986414631354204e-06,
4.158345233072155e-05,
2.571022331404661e-05,
5.046279444954357e-05,
0.00017101773851718676,
0.00011786514688740179,
0.0002814793137812479,
7.0353763045083875e-06,
0.0003616253199734983,
0.00030391904047714875,
0.00017751181963730628,
2.3421415964279746e-05,
0.0002846775830215481,
0.0001976721024120386,
2.5432531304757842e-05,
0.0004177379331807235,
0.000219091237116297,
0.0003342713884056502,
0.0002550701511418132,
0.00022479590783459764,
0.00045454322874041795,
0.0004485358440805224,
0.0004529022171284364,
0.00021103466893151714,
0.000406339591656098,
0.000261393956221367,
0.00046262736413933133,
6.295515632648845e-05,
0.0003103443274282536,
0.00019086725381622864,
0.00013892824262396768,
0.0001025075090072812,
0.0003062539144988053,
8.997303679457365e-05,
0.00040335447834451843,
5.2735797345716866e-05,
0.00023880425811905463,
0.00032498240258357577,
5.440351789160344e-05,
0.00027834637992473106,
0.0004055145751356014,
0.00012643785382951232,
8.75457055767331e-05,
0.00021451807352708887,
0.0004090205952831161,
0.00043544298830680724,
0.00046899620152506964,
0.00019932666131365826,
0.00022781844624253697,
1.0009847071230692e-05,
9.797494505205218e-05,
7.531460903053448e-05,
0.000353599477805967,
0.0001155860924589906,
9.869769716582268e-05,
0.0002945292130694686,
0.00045547786450974003,
0.00019661531179639784,
9.709773007311721e-06,
0.00022063194734897327,
7.882808715140523e-05,
0.0003862154446514041,
0.0004677039861490154,
9.887384106746013e-05,
8.450645526560902e-05,
0.0002892371856744145,
1.0733464720564831e-05,
0.00019745026962603623,
0.000400091601920513,
0.00039914713997719745,
0.00039971341048273363,
3.095834798369326e-05,
0.00045581876038161263,
3.890487652239324e-06,
0.0003171848390338768,
0.00025938356113860126,
3.552825442200465e-05,
4.899034310834015e-05,
0.00020981937571155475,
0.00033308248621612905,
0.0003010131791709725,
0.0004064280954021367,
5.208955491986808e-06,
0.00022040512195617486,
0.00013159449980289063,
8.984930208467853e-05,
0.00012262844610690817,
0.0003282044206816881,
4.624099668156951e-05,
0.00024365835145765083,
6.083677786471052e-05,
0.0004602501345956302,
0.0003537109769383242,
0.00011589031378549874,
7.984761465822784e-05,
0.000147185352296217,
0.00024359393043585392,
2.1084769880070807e-05,
8.577945536325774e-05,
0.00018709697911275977,
0.00043956361459253964,
0.00014834919798703482,
0.00030472177760209273,
0.00024070624980377536,
0.00012806194889816334,
0.00037915355639525265,
0.00010695567916842039,
0.00043979174355121895,
0.00014359672334799734,
0.00012807557442425177,
0.00044285028833665203,
3.85749040734361e-05,
6.6743992532620785e-06,
0.0002653078528287499,
0.0003569807795990611,
0.00040969352793655145,
0.0004498099174106194,
0.0001700562576753178,
0.0002130607293376117,
0.00012264498692893228,
0.00013529444749339777,
0.0002639044192919534,
0.0003188320296289029,
2.6779961505579124e-05,
0.00043909671271068483,
0.00043555294612342263,
0.00010576575875605403,
0.0001355979081939434,
0.00012492073633877713,
0.0001167784280777934,
6.27261839363686e-05,
0.00020766674789865852,
0.00013363881985432326,
0.0002844381688501802,
0.0003179297373252391,
0.00041602257825655337,
0.00014823684580033198,
1.1332471559181286e-05,
0.00016616447823399633,
4.457813148744377e-08,
0.00037909410375892844,
5.709746033574321e-05,
0.0003264497469424859,
0.00010714079178788372,
0.00011338895498813628,
4.5991836425301214e-05,
3.18639433326265e-05,
0.0004277870094384746,
0.00034876113769243694,
9.03629692026527e-06,
0.00045667049626220543,
0.00013695803560807696,
0.00046463878298260954,
0.0002185752682850615,
7.793372817760288e-05,
0.0004443338916379902,
0.00046622997030280536,
0.0002778494740348003,
8.966093011823103e-05,
0.0002921934356668576,
0.00011116265926217219,
0.0004257907466979978,
0.0004678341090629007,
0.00016176725507181057,
0.00012230461099743838,
0.0004189034496461994,
8.011860329857082e-05,
0.00031070324570391957,
0.00012051519205868725,
5.8496098586026506e-05,
0.00035452807931485357,
0.0003474786751075743,
0.00012837681641800574,
0.000185751324555736,
7.52360579651567e-05,
9.06920900455425e-06,
0.0004467255088445918,
0.00018759348205592873,
0.0002832233101021053,
0.00031350318888655914,
0.00010531860418924244,
0.00043671956757378107,
0.0003916287816412911,
2.2970617844841463e-07,
0.0002420789521285316,
0.00036221959738570427,
9.683827652719e-05,
0.0003530009632114448,
0.0001025963248894203,
0.0003314514753289606,
0.00021270024523165017,
0.00034432966673554616,
0.0003027999615592873,
0.0002562595727130156,
0.00014332575179380213,
8.285553641785694e-05,
0.0004163767871971434,
0.0004307073954758019,
0.00045636632039297413,
0.0002636991869156653,
0.00018733036050089965,
0.00036117572181780646,
0.00015872397957158833,
0.0003043409475194402,
4.9524713628560794e-05,
0.00021484101669876665,
0.00045208253735120886,
6.024221278984689e-05,
0.00014229308765103732,
0.00015051391450124092,
0.0002652497177094073,
0.0003966688966524259,
1.9450464549968082e-05,
0.0001877647835941797,
0.0002802292357741841,
0.00013623069002657265,
0.00043932890543879133,
0.00015456584642965245,
0.00045631197694378085,
0.00042688980822352176,
0.00039755644680585737,
0.00012510401843887886,
0.00010976353318091467,
0.00025786800072468595,
1.5526381627263665e-05,
0.00012779242055560203,
9.987903909415846e-05,
0.0003322707941658194,
0.0003128883281226751,
0.00018833672871176267,
0.0001535752513419758,
0.00040259963647872943,
0.0001400567819330849,
0.00018716757691925395,
0.00042224294851146444,
0.0003006490957777074,
0.00017022819191817785,
0.0004613383006704544,
0.00015640103587168396,
0.00020651259484963676,
0.0003115260107066365,
9.561368727721656e-05,
0.00032309789938211273,
1.1487397974754739e-06,
9.080686622876273e-06,
0.0001966915893939128,
0.00044773226186762584,
0.00044690571346676076,
9.49598297642631e-05,
0.00024358702383557685,
0.00045181932226491913,
0.0003665976246342486,
6.52614552733548e-05,
0.00018502903666077342,
0.0003270433323097753,
0.00021681589864711408,
9.799362370469295e-05,
0.00010569233802193717,
0.00023843011689477655,
0.0002230446715076871,
6.317085044624551e-05,
5.866276133989574e-05,
0.0003090993273342047,
0.0002681971924000665,
0.0003453603303304299,
0.00044984096964283333,
0.0002294643448998166,
4.378156441171616e-05,
0.0004196411171317678,
5.030400636134524e-05,
0.00044695865923461537,
0.0003248377210707009,
0.00013764379715972084,
0.00012492057379576054,
1.8652735983778052e-05,
9.942997973900233e-05,
0.0003992017666097284,
3.6302423504129876e-05,
0.0002316751385975868,
0.00046230343448916693,
0.00028687555089433185,
0.00015224329539984113,
0.0003732851043344896,
0.0003650101155488618,
0.00041815816608604137,
0.0003045753917604351,
0.0004277625541420424,
4.946575189959764e-05,
0.00032320647865058914,
6.253300429665443e-05,
0.0002793722170548997,
0.00019180387119380017,
0.0004345045377197676,
0.00036374142329589866,
0.0004575145609834222,
0.0003712119045035862,
0.00029239249036996093,
0.00032613179950438616,
0.00016806773958561374,
0.0004610278264553592,
0.00044181648422015647,
0.00013435758562439405,
2.832515878595706e-05,
0.00040293800191845957,
6.829916226575581e-05,
0.00021716081332336058,
0.0002964387680356999,
0.0004022683079620847,
0.00031055162169219366,
2.4699594606976685e-05,
0.00010950461877458615,
0.0002449600953388931,
0.0003156584003501043,
0.0002005073804257857,
5.890615711310597e-05,
0.0002339897880820911,
0.0003874163825520536,
0.000179723994916787,
0.0002656018548132971,
0.0002874602328365257,
0.00023835170145451823,
0.00024083229039696208,
0.00022319417979710027,
0.00031388424896210273,
0.00043508742358618286,
0.00010607294323044776,
0.0002768936383827855,
8.541871009567677e-05,
0.00017607156523514027,
0.00039699353942941585,
0.00027148248461412577,
4.9287484476345534e-05,
0.0001920638647107013,
0.00011640654849038516,
5.381928954086449e-06,
0.0003625830030500499,
0.0002650624483327966,
0.00023165253593904615,
0.00024389944972654263,
0.00037067577333419225,
0.00033905522723417375,
0.0003940118977363794,
7.230913308861469e-05,
0.0001663522684558019,
0.00016445844061124492,
0.0003059439232511179,
0.0003514899027769189,
0.00018959566512903012,
0.0001294817056390446,
0.00030062871357735665,
0.00035734137748154874,
0.00046738784993190013,
0.00015211298625198878,
4.289121388027668e-05,
9.873705825054435e-05,
8.900130836507841e-05,
0.0003127952118032767,
0.00030450845053971154,
0.00045195862634739823,
0.00046926490140726534,
0.00012371740765239767,
0.0001398617231906458,
4.213479751651176e-05,
0.00013505621599277262,
0.00012977429226758577,
0.0004414908615315987,
0.00030607629139634896,
0.0003365420228265204,
0.00027094114012056925,
0.00046143217951043084,
0.00013645555841217916,
0.0003800615062840013,
4.8576647094915355e-05,
8.921203403478058e-05,
0.0002568201756925825,
0.000163831095645482,
0.00022017581411528045,
0.0001390851846304802,
6.16993305751578e-05,
0.0003083298835334918,
0.0003433695144143698,
5.4965712995427645e-05,
0.0002876289933771075,
0.00045168189346796015,
4.802552393143406e-05,
0.00024276394986187747,
0.0003878513953954164,
0.0002835396179728542,
0.00028947445989059144,
0.00010605458330912469,
0.00035049059330419745,
0.00037281266757779776,
9.404436629520628e-05,
3.304483480860751e-05,
0.00028470592342441756,
0.00021508097609484575,
0.00023182979660052027,
0.00030661737620167145,
1.470137137445176e-05,
0.00043196322250110077,
0.00014233291301019504,
0.0001578520948370713,
0.00016981608330170195,
7.397106177630936e-05,
7.870776966645046e-05,
1.719125818670414e-05,
7.303521383413296e-05,
0.0003490098126944556,
6.611504579208742e-05,
0.00041420868834592274,
0.0003607779171294206,
9.679395810430892e-05,
0.0003566508507891658,
0.00020237604553350276,
0.0002855043907504278,
8.103416541381971e-05,
0.0004571247842580494,
0.0004504571367018622,
0.00028035040913050585,
0.0003240591563925707,
0.00019371520999568922,
0.00037450376989032894,
0.00045382709618892165,
2.5206327784690004e-05,
0.00015351408172593447,
0.00033310001778524557,
3.4188827479703775e-05,
0.000416391500215192,
0.00021759540228457377,
0.00018483375956251038,
7.794601408271633e-05,
0.0001350492632273927,
0.0002589951594164481,
0.00036204917220116113,
3.025404098301836e-06,
2.495616085760882e-05,
1.9042981300979546e-05,
0.0002944773097888266,
0.00039163179418509283,
0.00016539124328517377,
0.0003272336491569799,
4.4293961551434935e-05,
0.0003487362245860347,
0.00011350279524434334,
0.000358369727754541,
0.0002267807766286521,
0.00010971576967492734,
0.00039527638599579133,
6.73698417010498e-05,
8.418638881746759e-05,
0.00010946433232780645,
0.00020868010246899115,
5.41855928754941e-05,
0.0002797259870125416,
0.00032918000314823486,
0.00028321286614609996,
0.00036846989618370533,
5.576729972037261e-05,
0.00014148848006386876,
0.000379199070280433,
0.0002009464516782441,
6.373717809019585e-05,
0.00021522837434721106,
2.9507107167994657e-05,
0.0004221527342413524,
0.00027373177113800766,
0.00023577746278045586,
0.00027332702860268746,
0.00019252149984491548,
4.8253836670034145e-05,
0.00027243048973433825,
0.00019488226003094476,
1.1791101305853032e-05,
0.00012300464399958954,
0.0003075365755770425,
0.0003274262197314629,
0.0002878361600834828,
8.190497354061104e-06,
0.00039940255077761084,
9.497386426468513e-05,
3.310416278979991e-05,
0.00012916867428317523,
5.9236721006933363e-05,
0.0004362784706504343,
0.00041369341533006355,
0.00018096330312916863,
0.0002712517354868805,
0.00024395699782153138,
0.00040667324436165475,
0.0003581348081392221,
0.00037647291235554944,
3.580983735182558e-05,
0.0001429209467977669,
0.00044244790069865124,
0.0001793499038351107,
5.916451578344064e-05,
0.0004672372747240027,
0.00041304433745396825,
0.00031258867910234417,
8.83850732500308e-05,
0.0003513695730780193,
0.00011850565791007972,
7.030089033956848e-05,
0.00042888349826945913,
0.00020116810725615865,
2.5675960813246307e-05,
0.0001712128789419831,
0.00012052264767259635,
0.0004178250913142042,
4.077532099215075e-05,
0.0003846143716934929,
0.0003851326154292889,
3.0339983775417292e-05,
0.00021316884288636378,
0.00017562312346169345,
9.994520520217001e-05,
0.00022643211384171344,
0.00020955723710138597,
0.0004528135183268921,
9.485283182154759e-05,
0.00016061145216402731,
0.00028034521419924286,
0.0003933470199112085,
6.252320871381926e-05,
0.0004378107014618131,
0.00035570032325925115,
0.0003165056214593205,
0.00022645892204312384,
0.0004478838138510879,
0.00022499514018791235,
0.00033157283662740486,
0.0003923890908407866,
0.0004486214367851463,
3.683260017154429e-06,
0.0001756412103798307,
0.0003652107117633182,
0.00037130443259078885,
0.00020098958255320638,
0.00029865569265215947,
1.8260380231735235e-05,
0.0002071130935855991,
0.00045426841814771065,
0.00025589020479880134,
2.6439002077509877e-06,
0.00029565067377195956,
0.0002682505475301767,
0.00046739299919343243,
0.0003367463354158993,
0.0003882764467209443,
0.000285593957225195,
0.00045212584999444614,
0.0002354960421235919,
0.0002161189890957473,
0.00026639141408289275,
0.0002723498912332322,
0.0003831391156962366,
0.00025372052489882105,
0.00021322855137314857,
0.0004587891707373076,
0.00029408109859780035,
0.0004408207318204102,
0.00025860550078382735,
0.0001937205321281295,
0.00043216549430297966,
0.00010849009290909924,
0.00031698407057459903,
9.954489745044304e-05,
0.00014583779723465094,
0.00032651445283056723,
6.762842208864212e-05,
0.0003571866234471505,
0.00021777249000513288,
0.00033957921691230947,
2.1965156830429666e-05,
0.00029617321769301395,
0.00038512088553597547,
1.734406607837047e-05,
0.00022754687239531605,
0.00023824343901533682,
0.0001376867817722297,
0.00016030308558224752,
0.0003404536385354923,
0.00029550241384831906,
1.6274178577861574e-05,
0.00024865545898637963,
0.0004324739646672915,
0.00034557242669911017,
0.000221862723669982,
0.0004440771401094399,
0.0003527179023299298,
9.512104564306813e-05,
0.00012586071387229157,
0.0003603309547640421,
2.2686673996084116e-05,
0.00039278186354222425,
2.4645179897725916e-05,
2.3201935530427604e-06,
0.00011258809779494231,
0.0002935000644104755,
0.00011463260355642094,
0.00038560304061913624,
1.4611069891205153e-05,
0.0002574616878326262,
0.00016064169428096174,
4.828090725269749e-05,
0.00023755132009844232,
7.048964060758416e-05,
0.0004505220871170568,
0.0003989510204829214,
0.00019435622898079268,
0.00010265417472164744,
0.0004590755329570857,
0.000151466838285236,
4.0530843453847144e-05,
0.00015878541783479003,
0.0002716782469227075,
0.00013362066596754336,
3.407271544480861e-05,
1.4333151672002484e-05,
8.0210584681229e-05,
9.449786916690566e-05,
0.00024417357855435236,
0.0004080601832995473,
0.0004593035557160347,
0.0001423461172465619,
0.00022069168945041025,
0.00013769590577447223,
0.00023664984702921412,
6.725670219111666e-05,
0.0004139248267920138,
1.7449897143371473e-06,
0.00017751973739073471,
1.8887273151918636e-05,
0.0003839898131871592,
0.000347209894064255,
4.2392544768591996e-05,
0.000248313231128034,
0.0004414260693939102,
0.00016050520415733437,
7.429451968812788e-05,
0.00027685631860012016,
0.0004012797015181598,
0.00037082832731221945,
0.00032160647010439047,
0.00038092667564490327,
0.000454848759427835,
0.000354046918903838,
5.8879396222155586e-05,
0.0004526701297311838,
0.0001279313859800824,
0.00014982707728148536,
6.029148534820941e-06,
0.00037615954871840284,
0.0004695415042560453,
0.0002044643432224275,
8.050179097926003e-05,
0.00011067892864369216,
0.0004435322189754336,
0.0002735810805314016,
1.5256625190611996e-05,
0.0003298255594391444,
0.0003001030911099372,
0.00022648234504834704,
0.00041906613094729484,
0.00010728022884031896,
0.00013701863822906374,
0.00029689092450693776,
4.6517403733466955e-05,
0.00010658613862100644,
0.0003924012756328658,
9.208599741924085e-05,
0.000368108537973272,
0.00018536857272968832,
0.0002655313845006435,
0.00025845777868313606,
0.00020781486756061264,
0.0002544156325392833,
0.00026061185704921746,
3.4781361673559514e-05,
0.0002513125298357644,
4.090025353838577e-05,
7.902001393731186e-05,
0.000106103737873611,
0.00021722617740417953,
9.009719084729118e-05,
0.0003044875556240942,
0.00010816670321779065,
0.00010670649785789895,
0.00032548825461137297,
0.000460560819064874,
0.0002768821146152851,
0.0002891294823022282,
0.00035006780935638055,
0.0003618760972523904,
0.0001373784105357057,
1.1893782444675262e-05,
0.00016256529842436894,
0.00037253195177793414,
0.0003308796008591851,
6.108130011599843e-05,
0.0003184954845117667,
0.00045364833347611805,
9.082192072092405e-05,
0.00035152851010865414,
0.00030251860701548344,
0.00042689909633648887,
0.0003664327176363936,
0.0004155170395775832,
0.00012813323315787604,
0.00039372050042942567,
0.00014703682534368987,
0.00046912411441066623,
0.0004569965967399908,
0.000350724857342869,
0.00030562678142337374,
7.946256608497563e-05,
0.0001579160399789954,
0.00034140105616211865,
0.0003013266913966948,
0.00018320799046118413,
0.00012634718229118084,
0.00030501343311830975,
8.072620283972981e-05,
0.00017115088835293392,
0.0002212272087983991,
4.7336416834002226e-05,
0.00035515008828446154,
0.00020649033311643695,
2.382744724622366e-06,
0.0002180723409598699,
0.00037074308365643723,
0.00018886991444274487,
7.096086330025629e-05,
0.0004378571003644866,
0.0003406294592753096,
0.0003081047365240195,
0.00041357559134370725,
0.00027006691464835777,
0.00042343914033792765,
9.084134976824862e-05,
0.00013962253761781634,
1.7608408717841342e-05,
0.00011040430499574728,
0.0004675044996776979,
0.0003379208608388381,
0.0004138284424376599,
0.00044102568505466366,
2.4920238746186597e-05,
0.0003720959628562469,
0.000267571592218455,
0.00012958188668444397,
0.00028428048232193796,
0.00034022724171805233,
0.00015332462032937604,
0.00018167851754321396,
0.00019270540387881374,
0.0002025401887304345,
0.00019997528769312022,
0.0002612993005417401,
0.000103485859982809,
0.0003856817762715426,
0.00013174411113215376,
0.0001453396430504864,
0.00017516725830484051,
3.7066273669981866e-05,
0.00023061274266721694,
9.34113532416302e-05,
0.00037378228452195154,
5.310492935637437e-05,
0.00037320850939482616,
0.00017492546442698486,
0.00023477050494289813,
0.00017540497034349852,
0.00036739129509665935,
0.0002507740819009827,
0.0003680646314419821,
0.0003415670867523508,
0.0004013597039654285,
7.638073742259429e-05,
1.9816501726616574e-05,
0.00013880936152029996,
0.0001451602117198483,
0.0003829032598812318,
0.00032397703267957273,
0.00018558687576106098,
0.0003319431465179692,
0.0001766050781037338,
0.00036662035080028927,
0.00018009052887961837,
0.00021279466365804723,
0.0003510722536534032,
9.918347712616002e-05,
0.00030717064091089846,
0.0003093059605888565,
0.0001001972742418552,
0.0001555023652666747,
0.00023062621779008113,
0.00021036014255057815,
0.00042027835402695207,
0.00013681997204522192,
0.0003090044255958504,
0.00011744058781615866,
0.00023410125445992938,
0.0003521813257616885,
4.4492858580917415e-05,
5.0462151292119245e-06,
0.00010303075409086211,
0.00039755022131661476,
0.00018409884549216613,
7.952571469922478e-06,
0.00017917470274739726,
0.0002532919584606637,
9.223983897718182e-05,
0.00016225956874894875,
0.00011902029328285347,
0.00022525098370213632,
0.0003977885851006457,
0.0001985576540042377,
0.0001653671455337155,
0.00042992533213506067,
0.0002326437643176348,
1.0640781089521236e-05,
0.0003386362386409495,
0.0002722508132665009,
0.00017013615773888352,
0.0002721921030634044,
6.275603936755282e-05,
0.0004399438816944719,
0.00018559326716947275,
0.0004111906685810535,
0.00035188716243152266,
0.00035739930375704436,
7.10516045927823e-05,
0.00024588825631605653,
0.00016179707864619,
0.00037294370459887624,
0.0002981318084647859,
0.00024751869168323636,
0.0003385239519671821,
0.00020693174385465137,
6.512808095650846e-05,
0.00024018261537564505,
0.0004198372838098478,
9.870037898571401e-05,
0.00034572595933980656,
3.1689206609760914e-06,
0.00045667697433969827,
0.0003967274307941516,
0.00017902089350151575,
0.00033115503578699725,
0.00041268140137226315,
6.644616995927533e-05,
7.104625710612849e-05,
0.00016596199210684913,
0.00038091601753006667,
0.00017716149976220664,
0.000462902228277214,
8.191433675995806e-05,
2.5287011470029428e-05,
0.00011419050194961965,
6.50494868901222e-05,
0.00012591790325973913,
0.0004103810498335691,
0.00030770751967657976,
8.14083479715944e-05,
0.0003282261677144096,
6.456830719796926e-05,
4.4876310726628904e-05,
0.0003990500478195571,
0.00028872638606199596,
0.0004632843336397649,
0.0004531707317764473,
0.00029408192086497273,
0.0004332936288817129,
0.0004645981931406616,
0.0003559314576630863,
0.0003897630995247218,
0.00024299515626623728,
0.00026020779058028216,
2.618859474417496e-05,
0.00015451370509807279,
0.00035540423053433476,
2.351163206371113e-05,
0.00014834184043027184,
0.000244955787007471,
2.3072684416819523e-05,
0.00011097962539058892,
4.7520010526742644e-05,
0.00043074637033788723,
0.00011319204731794749,
5.9055407771762655e-05,
0.0002524373581345551,
0.00020270525368083574,
0.00031370066995091997,
0.00013052611045313324,
7.445528460249126e-05,
8.421979261150162e-05,
0.00031260921676793643,
0.0001596588446530342,
9.2156784947766e-07,
0.00011622494527063117,
0.00021483328664313714,
0.00036059840895623184,
9.389141120550671e-05,
0.00022895743692566347,
5.912083586152067e-05,
0.0001055345533352568,
0.00030681946450463664,
0.0004324171292925855,
4.956808982659443e-05,
0.000373258110621126,
7.34279138518568e-05,
0.00015258167627864045,
0.0004291591102741294,
8.87574565071712e-05,
6.843441138168051e-05,
0.00010331664584460815,
0.00012970030978961216,
0.00026555024733051753,
0.0003882630371232241,
0.00026510522139058785,
2.026988720114418e-05,
0.00018044434392232577,
0.00033659719483778686,
9.942302394748404e-05,
6.779219512161084e-05,
0.00012199053070393726,
0.00033929057565399757,
0.00011577520544884089,
0.0003042894634809272,
0.00036970577891335787,
0.0001968840875313929,
0.00026052372278173586,
0.0002722201696216693,
0.0002297370980551948,
0.00043808959423029226,
0.0003069263489830995,
0.00021164402373250135,
0.00033050743442010233,
0.00041167854474088056,
0.00011412356584137586,
0.0004254081972733992,
1.7910011815553164e-05,
0.00012410797530462765,
0.00023174677834014826,
3.696666249523002e-05,
0.00045572747722882016,
0.0001437132717704152,
0.0002455012411966333,
0.0002422485235466288,
0.0003647040488234046,
0.0003713837027874637,
0.0004313768374730383,
0.00020080499097826685,
0.0002815877739222505,
0.00020811714681405493,
1.3352949667792434e-05,
0.00011333146225373514,
0.00044275240150203255,
0.0004002964809542338,
0.000323472764463985,
0.0003387915632228603,
7.961210319358818e-05,
0.00022327326658165472,
0.00043817527094558553,
0.00016892628958416138,
0.00030114172384755427,
0.00028339319541612914,
0.00023683703848909233,
0.0004140597152281392,
0.0003121879673522015,
