15
0.005207435368750855,
0.007149855122074369,
0.00850832864716136,
0.008342479417086652,
0.008685997526649893,
0.006332781147388962,
0.00846480187290584,
0.005342364976096215,
0.0001455423137667972,
0.003246061938795827,
0.0033426242277714985,
0.0014005085289168732,
0.0045690026233835045,
0.0005755211811111263,
0.00453951017642129,
4.3881474291195486e-05,
0.0010039666556780527,
0.006650030021858509,
0.002305378069799892,
0.00610285019200059,
0.003362952977808927,
0.003066062117712974,
0.0009182911779885513,
0.008127730430656725,
0.008623039670371764,
0.007567574710829439,
0.004358877939762679,
0.0010878374830106802,
0.0011278613715936237,
0.0009690409138986165,
0.0053969943902361225,
0.0013684474721481414,
0.0013583859179748658,
0.00027408906363849257,
0.005628998234697469,
0.0061184993259350414,
0.006952557502273083,
0.004124757493455849,
0.0007028126599057856,
0.006606441200447269,
0.003391385175148562,
0.004851599680573258,
0.005657918865511058,
0.005631458606506459,
0.0003015858657426678,
0.005462100832292661,
0.00577691525323381,
0.005543105148148004,
0.00781473949180575,
0.00598181282237144,
0.0003919433479687543,
0.008329053041661365,
0.0036037072042575816,
0.0008134298140272125,
0.00803978380202899,
0.0024833203650526455,
0.007385527415843989,
0.006639831517488875,
0.0015079198526748395,
0.004644900722317533,
0.0024332461762485327,
0.008631032351017271,
0.0005392469212958934,
0.0050950006119312476,
0.0020608387587888934,
0.007092087337710029,
0.002059260190685065,
0.006994293553055615,
0.001352841005516274,
0.0010226774647492435,
0.0015567257177692443,
0.002043848188718253,
0.0067689293527264495,
0.005322189326269234,
0.00808366936301878,
0.004540668608260288,
0.008243177699231548,
0.00495937589674051,
3.12160485724303e-05,
0.004349325529518427,
0.007976220240545505,
0.00793261954892932,
0.008833095717581918,
0.003665801533585623,
0.007474086493173269,
0.0031397992647727744,
0.006419955049914262,
0.0018650085092423185,
0.004292633229177481,
0.008281508695526841,
0.002911928026304708,
0.004308390712373023,
0.00706666820551583,
0.004005205209166744,
0.003462037801566347,
0.008522648429721703,
0.0006213954321770812,
0.006327454456841293,
0.0036519940587243583,
0.007525592696246084,
0.008690785136130334,
0.007217588439343128,
0.0052371414280949265,
0.008156443326788065,
0.004638924400420997,
0.004848142525027293,
0.004005947529717752,
0.0003244330605532872,
0.003739307612618622,
0.006327658835443322,
0.002403128569526064,
0.0016582382474571407,
0.003886836217038103,
0.005690614090106335,
0.002852691077017272,
0.004690485069897425,
0.008320575355420027,
0.006383937017171698,
0.003885361734285937,
0.0008363552265578228,
0.005926187145431079,
0.005226825012852305,
0.007499603905469797,
0.0021412183266199163,
0.003452391455944611,
0.002361381117426242,
0.00027325840787253546,
0.007611668760693395,
0.004514514119657944,
0.0007169941791269834,
0.004311199839807286,
0.002582554364471946,
0.003934478296977694,
0.00292620566683461,
0.008391172896928792,
0.0028396981846691787,
0.008215886524686121,
0.002866436679203191,
0.005860878072074331,
0.006590723074012291,
0.003293303040198846,
0.006072352040570628,
0.0009296484074555744,
0.0086574781505339,
0.0025630665116357482,
0.002203574320431587,
0.005856931550535107,
0.0008466514871784303,
0.0022020690646433186,
0.005577610419550545,
0.005694805761475592,
0.006499598642293436,
0.006550690623109689,
0.004147645209488678,
0.003790006019467075,
0.0065918810724865835,
0.0011117712469725374,
0.003470675720928106,
0.0066206699275806686,
0.005830005507078872,
0.0003192896437873165,
0.0018407545841130296,
0.00529365809869841,
0.005063338447433189,
0.0008464718708946162,
0.001567542836870176,
0.005119793390818324,
0.002273700758959333,
0.001483811528226295,
0.005725621747319758,
0.002829473920407466,
0.0046090636627368784,
0.004693402903853979,
0.0005265499940861076,
0.006901415612692048,
0.0019518497269961075,
0.00837728029216998,
0.007828322498240834,
0.003128044301576647,
0.007143298311173269,
0.00017909092198966855,
0.008716803539219853,
0.000521199806458731,
0.005503906681084403,
0.0004574964797777159,
0.007148376247397822,
0.0019117049817685668,
0.0024231589931502156,
0.003973296495558842,
0.007046161962863925,
0.0020201664661525153,
0.0036826349704286525,
0.0027581559878683314,
0.003891085374541826,
0.006788618726135459,
0.0029725504555531248,
0.003914923899599984,
0.00033361743017805526,
0.008621723244230247,
0.001268085535987185,
0.0008499406009888396,
0.0017203356963031826,
0.004421328354162588,
0.007772090048192069,
0.005543349889034715,
0.005715327718236696,
0.0021294122549118215,
0.0006431566412694507,
0.008202585061694927,
0.0062002106194363575,
0.006304580394462326,
0.002570247548041039,
0.007122101475900242,
0.008437857283864815,
0.007657556948074886,
0.0059539123866520225,
0.0026150027133891446,
0.007983554307171977,
0.003576043028725204,
0.0022451547852005505,
0.001612591362604718,
0.0025040132430148234,
0.005785600771093232,
0.008163635055034854,
0.006650758054729114,
